,0,1,2,3,4
0,[2621.51 2409.51 2478.51 2490.51],[2622.5 2410.5 2479.5 2491.5],"[[-0.09003041 -0.38814805 -0.26462368 -0.26818346]
 [-0.25303528 -0.12757579 -0.16907996 -0.21824199]
 [ 0.82285318  0.69859418  0.82110547  0.78458127]]","[[[6.71099836e-05 6.94395410e-05 6.46590151e-05 6.92268996e-05]
  [1.44208363e-04 1.45745837e-04 1.37371136e-04 1.44149431e-04]
  [4.35285009e-05 4.49320950e-05 4.02917617e-05 4.46313253e-05]]

 [[1.44208363e-04 1.45745837e-04 1.37371136e-04 1.44149431e-04]
  [4.92522973e-04 4.97617470e-04 4.84499248e-04 4.80060493e-04]
  [1.43460802e-04 1.45015241e-04 1.37242865e-04 1.42604759e-04]]

 [[4.35285009e-05 4.49320950e-05 4.02917617e-05 4.46313253e-05]
  [1.43460802e-04 1.45015241e-04 1.37242865e-04 1.42604759e-04]
  [6.87916127e-05 6.97546810e-05 6.53068943e-05 6.93511403e-05]]]",[2624.5 2412.5 2481.5 2493.5]
1,[2620.90574519 2409.78786799 2478.72214632 2490.62424051],[2621.89574519 2410.77786799 2479.71214632 2491.61424051],"[[-0.08432249 -0.39410323 -0.26113682 -0.27184179]
 [-0.26370409 -0.12417519 -0.16487431 -0.2145139 ]
 [ 0.85088813  0.69332683  0.80790888  0.77332619]]","[[[6.69049826e-05 6.96541522e-05 6.45237815e-05 6.94613355e-05]
  [1.43738083e-04 1.46413390e-04 1.37422622e-04 1.44059111e-04]
  [4.32885497e-05 4.53294240e-05 4.01259735e-05 4.47392414e-05]]

 [[1.43738083e-04 1.46413390e-04 1.37422622e-04 1.44059111e-04]
  [4.90254051e-04 4.99110575e-04 4.85877042e-04 4.79768935e-04]
  [1.43219127e-04 1.45642885e-04 1.37212146e-04 1.42359663e-04]]

 [[4.32885497e-05 4.53294240e-05 4.01259735e-05 4.47392414e-05]
  [1.43219127e-04 1.45642885e-04 1.37212146e-04 1.42359663e-04]
  [6.81853032e-05 6.99897756e-05 6.55105733e-05 6.95978257e-05]]]",[2623.89574519 2412.77786799 2481.71214632 2493.61424051]
2,[2620.74811803 2409.84495382 2478.80906742 2490.63786074],[2621.73811803 2410.83495382 2479.79906742 2491.62786074],"[[-0.08188435 -0.40075212 -0.25475726 -0.27430893]
 [-0.26702116 -0.12114289 -0.16414482 -0.21469052]
 [ 0.85993026  0.68979161  0.80309318  0.77203085]]","[[[6.67002490e-05 6.99224337e-05 6.44272848e-05 6.96123405e-05]
  [1.43122609e-04 1.47160587e-04 1.37421317e-04 1.44137544e-04]
  [4.29743485e-05 4.57959888e-05 3.99193324e-05 4.49027618e-05]]

 [[1.43122609e-04 1.47160587e-04 1.37421317e-04 1.44137544e-04]
  [4.88472619e-04 5.00863452e-04 4.87006402e-04 4.79162636e-04]
  [1.42612734e-04 1.46387890e-04 1.37283361e-04 1.42343898e-04]]

 [[4.29743485e-05 4.57959888e-05 3.99193324e-05 4.49027618e-05]
  [1.42612734e-04 1.46387890e-04 1.37283361e-04 1.42343898e-04]
  [6.79153656e-05 7.02512795e-05 6.55175442e-05 6.97082893e-05]]]",[2623.73811803 2412.83495382 2481.79906742 2493.62786074]
3,[2620.5654996  2409.97545361 2478.90078378 2490.59826301],[2621.5554996  2410.96545361 2479.89078378 2491.58826301],"[[-0.07894804 -0.40881667 -0.24711115 -0.27718501]
 [-0.2694819  -0.11801727 -0.16381016 -0.2154696 ]
 [ 0.86591929  0.6873241   0.79861615  0.7725827 ]]","[[[6.64937980e-05 7.02313507e-05 6.43219898e-05 6.97705913e-05]
  [1.42474902e-04 1.48005153e-04 1.37351408e-04 1.44281734e-04]
  [4.26209835e-05 4.63462731e-05 3.96501262e-05 4.51114939e-05]]

 [[1.42474902e-04 1.48005153e-04 1.37351408e-04 1.44281734e-04]
  [4.86740352e-04 5.02835770e-04 4.87984053e-04 4.78575721e-04]
  [1.41938339e-04 1.47242516e-04 1.37306212e-04 1.42406141e-04]]

 [[4.26209835e-05 4.63462731e-05 3.96501262e-05 4.51114939e-05]
  [1.41938339e-04 1.47242516e-04 1.37306212e-04 1.42406141e-04]
  [6.76973022e-05 7.05517072e-05 6.54711332e-05 6.98183578e-05]]]",[2623.5554996  2412.96545361 2481.89078378 2493.58826301]
4,[2620.31504682 2410.23414444 2479.00246548 2490.48834326],[2621.30504682 2411.22414444 2479.99246548 2491.47834326],"[[-0.07475798 -0.41863131 -0.23826332 -0.28086959]
 [-0.27209884 -0.11472272 -0.16337121 -0.2163593 ]
 [ 0.8711807   0.68604306  0.79296641  0.77392778]]","[[[6.62869473e-05 7.05890682e-05 6.41992093e-05 6.99537361e-05]
  [1.41799654e-04 1.48972279e-04 1.37201840e-04 1.44490194e-04]
  [4.22244056e-05 4.69995036e-05 3.93037316e-05 4.53743280e-05]]

 [[1.41799654e-04 1.48972279e-04 1.37201840e-04 1.44490194e-04]
  [4.84966860e-04 5.05069767e-04 4.88801228e-04 4.78085132e-04]
  [1.41228744e-04 1.48227331e-04 1.37247796e-04 1.42535943e-04]]

 [[4.22244056e-05 4.69995036e-05 3.93037316e-05 4.53743280e-05]
  [1.41228744e-04 1.48227331e-04 1.37247796e-04 1.42535943e-04]
  [6.74867128e-05 7.09048484e-05 6.53939472e-05 6.99535330e-05]]]",[2623.30504682 2413.22414444 2481.99246548 2493.47834326]
5,[2619.95799266 2410.6899807  2479.11693168 2490.27509496],[2620.94799266 2411.6799807  2480.10693168 2491.26509496],"[[-0.06897112 -0.43049919 -0.22798872 -0.28564472]
 [-0.27504305 -0.11126479 -0.16272547 -0.21728116]
 [ 0.87589138  0.68629209  0.78557956  0.77611371]]","[[[6.60814803e-05 7.10086058e-05 6.40583622e-05 7.01709052e-05]
  [1.41090062e-04 1.50089450e-04 1.36959521e-04 1.44779614e-04]
  [4.17740370e-05 4.77778532e-05 3.88636894e-05 4.57060492e-05]]

 [[1.41090062e-04 1.50089450e-04 1.36959521e-04 1.44779614e-04]
  [4.83118631e-04 5.07616800e-04 4.89425629e-04 4.77739309e-04]
  [1.40480810e-04 1.49369702e-04 1.37091749e-04 1.42748096e-04]]

 [[4.17740370e-05 4.77778532e-05 3.88636894e-05 4.57060492e-05]
  [1.40480810e-04 1.49369702e-04 1.37091749e-04 1.42748096e-04]
  [6.72771667e-05 7.13255423e-05 6.52899736e-05 7.01242293e-05]]]",[2622.94799266 2413.6799807  2482.10693168 2493.26509496]
6,[2619.43786758 2411.44375795 2479.24742468 2489.91094979],[2620.42786758 2412.43375795 2480.23742468 2490.90094979],"[[-0.06125087 -0.44475065 -0.21596927 -0.29184584]
 [-0.27836053 -0.10767123 -0.16182368 -0.21821645]
 [ 0.87984569  0.68852695  0.77594848  0.7794267 ]]","[[[6.58807802e-05 7.15064088e-05 6.39028945e-05 7.04322708e-05]
  [1.40338585e-04 1.51386905e-04 1.36610461e-04 1.45174249e-04]
  [4.12565570e-05 4.87067718e-05 3.83100760e-05 4.61264686e-05]]

 [[1.40338585e-04 1.51386905e-04 1.36610461e-04 1.45174249e-04]
  [4.81171063e-04 5.10530575e-04 4.89817073e-04 4.77594686e-04]
  [1.39686546e-04 1.50700851e-04 1.36823526e-04 1.43066193e-04]]

 [[4.12565570e-05 4.87067718e-05 3.83100760e-05 4.61264686e-05]
  [1.39686546e-04 1.50700851e-04 1.36823526e-04 1.43066193e-04]
  [6.70696582e-05 7.18317625e-05 6.51625437e-05 7.03410111e-05]]]",[2622.42786758 2414.43375795 2482.23742468 2492.90094979]
7,[2618.66803636 2412.64263955 2479.39766021 2489.33166387],[2619.65803636 2413.63263955 2480.38766021 2490.32166387],"[[-0.05119455 -0.46174912 -0.20181361 -0.29990832]
 [-0.28208031 -0.10398546 -0.16061528 -0.21915455]
 [ 0.88270667  0.69331036  0.76346075  0.78429394]]","[[[6.56915879e-05 7.21023041e-05 6.37414892e-05 7.07510611e-05]
  [1.39539500e-04 1.52896327e-04 1.36141262e-04 1.45705503e-04]
  [4.06562215e-05 4.98148244e-05 3.76183801e-05 4.66614642e-05]]

 [[1.39539500e-04 1.52896327e-04 1.36141262e-04 1.45705503e-04]
  [4.79104230e-04 5.13860960e-04 4.89930962e-04 4.77723377e-04]
  [1.38838849e-04 1.52254060e-04 1.36429261e-04 1.43521294e-04]]

 [[4.06562215e-05 4.98148244e-05 3.76183801e-05 4.66614642e-05]
  [1.38838849e-04 1.52254060e-04 1.36429261e-04 1.43521294e-04]
  [6.68691693e-05 7.24452860e-05 6.50190597e-05 7.06176134e-05]]]",[2621.65803636 2415.63263955 2482.38766021 2492.32166387]
8,[2617.51250458 2414.49928703 2479.57219071 2488.45601768],[2618.50250458 2415.48928703 2480.56219071 2489.44601768],"[[-0.03830809 -0.48188727 -0.18504384 -0.31040361]
 [-0.2862312  -0.10026865 -0.15903823 -0.22008549]
 [ 0.88402474  0.70132515  0.74733992  0.79130916]]","[[[6.55264411e-05 7.28192629e-05 6.35915614e-05 7.11446489e-05]
  [1.38691438e-04 1.54647628e-04 1.35541271e-04 1.46412613e-04]
  [3.99546722e-05 5.11329752e-05 3.67577720e-05 4.73443963e-05]]

 [[1.38691438e-04 1.54647628e-04 1.35541271e-04 1.46412613e-04]
  [4.76907378e-04 5.17643547e-04 4.89721096e-04 4.78215837e-04]
  [1.37934441e-04 1.54061509e-04 1.35897455e-04 1.44152507e-04]]

 [[3.99546722e-05 5.11329752e-05 3.67577720e-05 4.73443963e-05]
  [1.37934441e-04 1.54061509e-04 1.35897455e-04 1.44152507e-04]
  [6.66861611e-05 7.31917290e-05 6.48749862e-05 7.09723057e-05]]]",[2620.50250458 2417.48928703 2482.56219071 2491.44601768]
9,[2615.75250992 2417.31739893 2479.77878898 2487.19130217],[2616.74250992 2418.30739893 2480.76878898 2488.18130217],"[[-0.0219845  -0.50558135 -0.16506639 -0.32408357]
 [-0.29084575 -0.09660291 -0.15701659 -0.2209985 ]
 [ 0.88321862  0.71338951  0.72659243  0.80128819]]","[[[6.54075233e-05 7.36823707e-05 6.34854870e-05 7.16355369e-05]
  [1.37801380e-04 1.56662863e-04 1.34805743e-04 1.47342452e-04]
  [3.91305481e-05 5.26930856e-05 3.56877015e-05 4.82174791e-05]]

 [[1.37801380e-04 1.56662863e-04 1.34805743e-04 1.47342452e-04]
  [4.74588438e-04 5.21882156e-04 4.89143561e-04 4.79180102e-04]
  [1.36977786e-04 1.56148340e-04 1.35221981e-04 1.45006860e-04]]

 [[3.91305481e-05 5.26930856e-05 3.56877015e-05 4.82174791e-05]
  [1.36977786e-04 1.56148340e-04 1.35221981e-04 1.45006860e-04]
  [6.65401404e-05 7.40997631e-05 6.47600643e-05 7.14290927e-05]]]",[2618.74250992 2420.30739893 2482.76878898 2490.18130217]
10,[2613.0252388  2421.52556213 2480.03864425 2485.45055481],[2614.0152388  2422.51556213 2481.02864425 2486.44055481],"[[-0.00147822 -0.53326877 -0.14111939 -0.34193935]
 [-0.29596439 -0.09309311 -0.15446172 -0.22187993]
 [ 0.87955052  0.73046971  0.69994289  0.81534139]]","[[[6.53730257e-05 7.47164597e-05 6.34816889e-05 7.22521630e-05]
  [1.36891187e-04 1.58945806e-04 1.33939895e-04 1.48546896e-04]
  [3.81586746e-05 5.45253207e-05 3.43504382e-05 4.93326457e-05]]

 [[1.36891187e-04 1.58945806e-04 1.33939895e-04 1.48546896e-04]
  [4.72190679e-04 5.26521083e-04 4.88160908e-04 4.80734577e-04]
  [1.35987404e-04 1.58522386e-04 1.34406048e-04 1.46136790e-04]]

 [[3.81586746e-05 5.45253207e-05 3.43504382e-05 4.93326457e-05]
  [1.35987404e-04 1.58522386e-04 1.34406048e-04 1.46136790e-04]
  [6.64658163e-05 7.51990238e-05 6.47292565e-05 7.20187959e-05]]]",[2616.0152388  2424.51556213 2483.02864425 2488.44055481]
11,[2608.70515293 2427.72166691 2480.42380283 2483.18937733],[2609.69515293 2428.71166691 2481.41380283 2484.17937733],"[[ 0.02412742 -0.56541655 -0.11217736 -0.36528044]
 [-0.30164453 -0.08986521 -0.15128007 -0.22270723]
 [ 0.87210698  0.75368624  0.66575265  0.8349563 ]]","[[[6.54881071e-05 7.59419035e-05 6.36857416e-05 7.30292167e-05]
  [1.36008483e-04 1.61465254e-04 1.32962837e-04 1.50075344e-04]
  [3.70081615e-05 5.66542101e-05 3.26535353e-05 5.07512080e-05]]

 [[1.36008483e-04 1.61465254e-04 1.32962837e-04 1.50075344e-04]
  [4.69822096e-04 5.31403542e-04 4.86742461e-04 4.82988594e-04]
  [1.35006387e-04 1.61157528e-04 1.33466027e-04 1.47592799e-04]]

 [[3.70081615e-05 5.66542101e-05 3.26535353e-05 5.07512080e-05]
  [1.35006387e-04 1.61157528e-04 1.33466027e-04 1.47592799e-04]
  [6.65238321e-05 7.65161822e-05 6.48835717e-05 7.27797293e-05]]]",[2611.69515293 2430.71166691 2483.41380283 2486.17937733]
12,[2601.65942532 2436.72708857 2481.18727461 2480.4662115 ],[2602.64942532 2437.71708857 2482.17727461 2481.4562115 ],"[[ 0.05596224 -0.60254979 -0.07678517 -0.39583971]
 [-0.30798095 -0.08705811 -0.14739388 -0.2234345 ]
 [ 0.85980143  0.78430723  0.62192381  0.86207565]]","[[[6.58650664e-05 7.73685229e-05 6.42953518e-05 7.40071840e-05]
  [1.35245922e-04 1.64129932e-04 1.31907903e-04 1.51958877e-04]
  [3.56379051e-05 5.90934158e-05 3.04259127e-05 5.25414580e-05]]

 [[1.35245922e-04 1.64129932e-04 1.31907903e-04 1.51958877e-04]
  [4.67710465e-04 5.36213572e-04 4.84847622e-04 4.86002550e-04]
  [1.34121065e-04 1.63968314e-04 1.32431705e-04 1.49407591e-04]]

 [[3.56379051e-05 5.90934158e-05 3.04259127e-05 5.25414580e-05]
  [1.34121065e-04 1.63968314e-04 1.32431705e-04 1.49407591e-04]
  [6.68206461e-05 7.80690229e-05 6.54143969e-05 7.37576275e-05]]]",[2604.64942532 2439.71708857 2484.17727461 2483.4562115 ]
13,[2589.70648009 2449.6210556  2483.21680678 2477.49565753],[2590.69648009 2450.6110556  2484.20680678 2478.48565753],"[[ 0.09542419 -0.64530086 -0.03280988 -0.43590178]
 [-0.31515278 -0.08480639 -0.14278531 -0.22396305]
 [ 0.84143212  0.82371264  0.56582455  0.89913339]]","[[[6.67041638e-05 7.89893947e-05 6.57120146e-05 7.52318285e-05]
  [1.34779280e-04 1.66753916e-04 1.30808368e-04 1.54182121e-04]
  [3.39860820e-05 6.18404580e-05 2.72979416e-05 5.47739166e-05]]

 [[1.34779280e-04 1.66753916e-04 1.30808368e-04 1.54182121e-04]
  [4.66317229e-04 5.40405031e-04 4.82350672e-04 4.89720963e-04]
  [1.33497964e-04 1.66774291e-04 1.31332190e-04 1.51567310e-04]]

 [[3.39860820e-05 6.18404580e-05 2.72979416e-05 5.47739166e-05]
  [1.33497964e-04 1.66774291e-04 1.31332190e-04 1.51567310e-04]
  [6.75489653e-05 7.98600840e-05 6.67134266e-05 7.50053309e-05]]]",[2592.69648009 2452.6110556  2486.20680678 2480.48565753]
14,[2568.31686044 2467.54615292 2489.69489956 2474.48208708],[2569.30686044 2468.53615292 2490.68489956 2475.47208708],"[[ 0.14426178 -0.69443398  0.02270742 -0.48840121]
 [-0.32353756 -0.08321789 -0.13757388 -0.22409597]
 [ 0.815872    0.87326873  0.49447718  0.94895078]]","[[[6.83867626e-05 8.07843603e-05 6.88741300e-05 7.67604754e-05]
  [1.34953794e-04 1.69022198e-04 1.29628681e-04 1.56646565e-04]
  [3.19446993e-05 6.48782875e-05 2.23284166e-05 5.75181867e-05]]

 [[1.34953794e-04 1.69022198e-04 1.29628681e-04 1.56646565e-04]
  [4.66603632e-04 5.43161078e-04 4.78759627e-04 4.93900928e-04]
  [1.33467978e-04 1.69262485e-04 1.30129121e-04 1.53972194e-04]]

 [[3.19446993e-05 6.48782875e-05 2.23284166e-05 5.75181867e-05]
  [1.33467978e-04 1.69262485e-04 1.30129121e-04 1.53972194e-04]
  [6.90804552e-05 8.18791845e-05 6.97005695e-05 7.65885377e-05]]]",[2571.30686044 2470.53615292 2492.68489956 2477.47208708]
15,[2527.25499114 2490.08322478 2512.60630826 2470.09547582],[2528.24499114 2491.07322478 2513.59630826 2471.08547582],"[[ 0.20476334 -0.75063773  0.09222567 -0.55670498]
 [-0.33401616 -0.08238628 -0.13209076 -0.22353025]
 [ 0.78257649  0.93389836  0.4063717   1.01421027]]","[[[7.17195469e-05 8.27822712e-05 7.64744729e-05 7.87156338e-05]
  [1.36507775e-04 1.70537906e-04 1.27977575e-04 1.59189772e-04]
  [2.92886374e-05 6.82212842e-05 1.26288812e-05 6.08703426e-05]]

 [[1.36507775e-04 1.70537906e-04 1.27977575e-04 1.59189772e-04]
  [4.70733611e-04 5.43658907e-04 4.72147501e-04 4.98253061e-04]
  [1.34746354e-04 1.71026905e-04 1.28440918e-04 1.56447080e-04]]

 [[2.92886374e-05 6.82212842e-05 1.26288812e-05 6.08703426e-05]
  [1.34746354e-04 1.71026905e-04 1.28440918e-04 1.56447080e-04]
  [7.22104585e-05 8.41632562e-05 7.70222455e-05 7.86370112e-05]]]",[2530.24499114 2493.07322478 2515.59630826 2473.08547582]
16,[2442.18211873 2506.45296537 2598.02850411 2453.37641179],[2443.17211873 2507.44296537 2599.01850411 2454.36641179],"[[ 0.28037686 -0.81359598  0.16822259 -0.64302794]
 [-0.34882465 -0.08263817 -0.12667003 -0.22222568]
 [ 0.74286471  1.00490449  0.31099065  1.09586387]]","[[[ 7.86620950e-05  8.54055404e-05  9.76778676e-05  8.15833007e-05]
  [ 1.41179956e-04  1.71403162e-04  1.24033830e-04  1.62058827e-04]
  [ 2.54105368e-05  7.21935488e-05 -1.19154224e-05  6.51677975e-05]]

 [[ 1.41179956e-04  1.71403162e-04  1.24033830e-04  1.62058827e-04]
  [ 4.84030834e-04  5.43024058e-04  4.55364990e-04  5.04009118e-04]
  [ 1.39041721e-04  1.72134287e-04  1.24505521e-04  1.59189051e-04]]

 [[ 2.54105368e-05  7.21935488e-05 -1.19154224e-05  6.51677975e-05]
  [ 1.39041721e-04  1.72134287e-04  1.24505521e-04  1.59189051e-04]
  [ 7.88955756e-05  8.71395497e-05  9.76789899e-05  8.16379225e-05]]]",[2445.17211873 2509.44296537 2601.01850411 2456.36641179]
17,[2270.52905305 2473.90447067 2870.88299441 2384.72348187],[2271.51905305 2474.89447067 2871.87299441 2385.71348187],"[[ 0.37575627 -0.88154898  0.21227425 -0.74504784]
 [-0.37261132 -0.08499959 -0.1214509  -0.22154372]
 [ 0.7023566   1.08314525  0.24885996  1.19118586]]","[[[ 9.40877578e-05  9.03424113e-05  1.40313094e-04  8.69727373e-05]
  [ 1.52379489e-04  1.74013116e-04  1.13715254e-04  1.67511106e-04]
  [ 1.80057180e-05  7.82060336e-05 -6.12379756e-05  7.16269816e-05]]

 [[ 1.52379489e-04  1.74013116e-04  1.13715254e-04  1.67511106e-04]
  [ 5.17600295e-04  5.49997600e-04  4.13062855e-04  5.18955262e-04]
  [ 1.49836456e-04  1.74923210e-04  1.13997191e-04  1.64331175e-04]]

 [[ 1.80057180e-05  7.82060336e-05 -6.12379756e-05  7.16269816e-05]
  [ 1.49836456e-04  1.74923210e-04  1.13997191e-04  1.64331175e-04]
  [ 9.41070186e-05  9.25188202e-05  1.39047534e-04  8.71995526e-05]]]",[2273.51905305 2476.89447067 2873.87299441 2387.71348187]
18,[2069.57048303 2388.65689807 3275.1999518  2266.6126671 ],[2070.56048303 2389.64689807 3276.1899518  2267.6026671 ],"[[ 0.47831821 -0.94987012  0.21849134 -0.8521779 ]
 [-0.40154604 -0.08742327 -0.11995683 -0.2208291 ]
 [ 0.66619699  1.15732745  0.23435064  1.2876271 ]]","[[[ 1.22994296e-04  9.77087381e-05  1.57853494e-04  9.47551241e-05]
  [ 1.66765959e-04  1.78412102e-04  1.01904433e-04  1.75357111e-04]
  [-8.51418140e-07  8.62962079e-05 -8.58745772e-05  7.99555131e-05]]

 [[ 1.66765959e-04  1.78412102e-04  1.01904433e-04  1.75357111e-04]
  [ 5.63473085e-04  5.67453085e-04  3.63714247e-04  5.44914247e-04]
  [ 1.64317153e-04  1.79426872e-04  1.01439890e-04  1.71632032e-04]]

 [[-8.51418140e-07  8.62962079e-05 -8.58745772e-05  7.99555131e-05]
  [ 1.64317153e-04  1.79426872e-04  1.01439890e-04  1.71632032e-04]
  [ 1.23185062e-04  1.00407513e-04  1.55269857e-04  9.51705686e-05]]]",[2072.56048303 2391.64689807 3278.1899518  2269.6026671 ]
19,[1988.55198711 2303.87203439 3553.30704544 2154.30893306],[1989.54198711 2304.86203439 3554.29704544 2155.29893306],"[[ 0.5418395  -1.0057598   0.21827507 -0.94267129]
 [-0.41729624 -0.08666769 -0.12150358 -0.21910876]
 [ 0.63759649  1.20947804  0.23472696  1.36506104]]","[[[ 1.56613465e-04  1.05429370e-04  1.58104008e-04  1.02499211e-04]
  [ 1.71826511e-04  1.81421428e-04  9.57068446e-05  1.82384568e-04]
  [-3.16328052e-05  9.45325778e-05 -8.95402149e-05  8.78564491e-05]]

 [[ 1.71826511e-04  1.81421428e-04  9.57068446e-05  1.82384568e-04]
  [ 5.82126216e-04  5.86511886e-04  3.35866672e-04  5.72533716e-04]
  [ 1.70058527e-04  1.82526890e-04  9.46387051e-05  1.78010680e-04]]

 [[-3.16328052e-05  9.45325778e-05 -8.95402149e-05  8.78564491e-05]
  [ 1.70058527e-04  1.82526890e-04  9.46387051e-05  1.78010680e-04]
  [ 1.57375750e-04  1.08664946e-04  1.54739121e-04  1.03079256e-04]]]",[1991.54198711 2306.86203439 3556.29704544 2157.29893306]
20,[2015.4762263  2229.46513687 3698.06811966 2057.03051716],[2016.4662263  2230.45513687 3699.05811966 2058.02051716],"[[ 0.55716653 -1.04813488  0.21406765 -1.00756404]
 [-0.41781766 -0.08352554 -0.12248958 -0.21971545]
 [ 0.61871629  1.24220319  0.23880086  1.4241703 ]]","[[[ 1.70647380e-04  1.13092974e-04  1.51465308e-04  1.09197280e-04]
  [ 1.67852613e-04  1.83181385e-04  9.33700374e-05  1.88925997e-04]
  [-4.92701012e-05  1.02597922e-04 -8.39234401e-05  9.43971800e-05]]

 [[ 1.67852613e-04  1.83181385e-04  9.33700374e-05  1.88925997e-04]
  [ 5.71538264e-04  6.06302832e-04  3.22721076e-04  6.00252450e-04]
  [ 1.66533053e-04  1.84406791e-04  9.15429594e-05  1.83859270e-04]]

 [[-4.92701012e-05  1.02597922e-04 -8.39234401e-05  9.43971800e-05]
  [ 1.66533053e-04  1.84406791e-04  9.15429594e-05  1.83859270e-04]
  [ 1.72010455e-04  1.16858061e-04  1.47489009e-04  1.09885743e-04]]]",[2018.4662263  2232.45513687 3701.05811966 2060.02051716]
21,[2071.03653937 2167.24198812 3792.4321863  1969.32928621],[2072.02653937 2168.23198812 3793.4221863  1970.31928621],"[[ 0.55891713 -1.08936702  0.2089609  -1.05811112]
 [-0.41466345 -0.07768299 -0.12319799 -0.22286729]
 [ 0.60415045  1.26763784  0.24377174  1.47566496]]","[[[ 1.71119711e-04  1.21794070e-04  1.42942731e-04  1.15439394e-04]
  [ 1.61869530e-04  1.83095335e-04  9.21787892e-05  1.95910584e-04]
  [-5.45627157e-05  1.11723671e-04 -7.58127820e-05  1.00250264e-04]]

 [[ 1.61869530e-04  1.83095335e-04  9.21787892e-05  1.95910584e-04]
  [ 5.54315505e-04  6.26390104e-04  3.14466166e-04  6.28573283e-04]
  [ 1.61274611e-04  1.84431003e-04  8.95700067e-05  1.90049148e-04]]

 [[-5.45627157e-05  1.11723671e-04 -7.58127820e-05  1.00250264e-04]
  [ 1.61274611e-04  1.84431003e-04  8.95700067e-05  1.90049148e-04]
  [ 1.73353265e-04  1.26098386e-04  1.38463817e-04  1.16153693e-04]]]",[2074.02653937 2170.23198812 3795.4221863  1972.31928621]
22,[2130.7060393  2114.92635626 3875.42229992 1878.98530452],[2131.6960393  2115.91635626 3876.41229992 1879.97530452],"[[ 0.56054975 -1.13970673  0.2045591  -1.10235604]
 [-0.41252888 -0.06799192 -0.12406837 -0.22867245]
 [ 0.59267746  1.2931577   0.2486857   1.52607268]]","[[[ 1.67129649e-04  1.33560362e-04  1.34936042e-04  1.22305640e-04]
  [ 1.55948459e-04  1.79086601e-04  9.11472017e-05  2.04657962e-04]
  [-5.51306117e-05  1.24035206e-04 -6.81990579e-05  1.06455550e-04]]

 [[ 1.55948459e-04  1.79086601e-04  9.11472017e-05  2.04657962e-04]
  [ 5.37307822e-04  6.48529450e-04  3.07455668e-04  6.60368638e-04]
  [ 1.56549023e-04  1.80466704e-04  8.78231671e-05  1.97798365e-04]]

 [[-5.51306117e-05  1.24035206e-04 -6.81990579e-05  1.06455550e-04]
  [ 1.56549023e-04  1.80466704e-04  8.78231671e-05  1.97798365e-04]
  [ 1.70508435e-04  1.38483679e-04  1.30025979e-04  1.22956312e-04]]]",[2133.6960393  2117.91635626 3878.41229992 1881.97530452]
23,[2190.69174434 2076.46652386 3957.68848658 1775.19324522],[2191.68174434 2077.45652386 3958.67848658 1776.18324522],"[[ 0.56397423 -1.20547502  0.20098376 -1.13918949]
 [-0.41200344 -0.05324331 -0.12519872 -0.2392082 ]
 [ 0.58359956  1.32262293  0.25340491  1.57793644]]","[[[ 1.61714130e-04  1.51490430e-04  1.27882490e-04  1.30550618e-04]
  [ 1.50329421e-04  1.65396709e-04  9.00445206e-05  2.16813618e-04]
  [-5.38466617e-05  1.42719026e-04 -6.16240160e-05  1.13597678e-04]]

 [[ 1.50329421e-04  1.65396709e-04  9.00445206e-05  2.16813618e-04]
  [ 5.21162884e-04  6.77520840e-04  3.00718215e-04  6.99328140e-04]
  [ 1.52471525e-04  1.66640641e-04  8.61003263e-05  2.08596986e-04]]

 [[-5.38466617e-05  1.42719026e-04 -6.16240160e-05  1.13597678e-04]
  [ 1.52471525e-04  1.66640641e-04  8.61003263e-05  2.08596986e-04]
  [ 1.66390715e-04  1.57190086e-04  1.22597382e-04  1.31013823e-04]]]",[2193.68174434 2079.45652386 3960.67848658 1778.18324522]
24,[2248.1594905  2067.20276088 4038.6478008  1646.02994782],[2249.1494905  2068.19276088 4039.6378008  1647.01994782],"[[ 0.56864481 -1.28655233  0.19773618 -1.1614678 ]
 [-0.41265196 -0.03364039 -0.12630906 -0.258744  ]
 [ 0.5759378   1.35749553  0.25748649  1.63296391]]","[[[ 1.56214262e-04  1.81171685e-04  1.21849511e-04  1.41279075e-04]
  [ 1.45030300e-04  1.28224953e-04  8.88352066e-05  2.35200821e-04]
  [-5.20542181e-05  1.73445255e-04 -5.61515683e-05  1.22419803e-04]]

 [[ 1.45030300e-04  1.28224953e-04  8.88352066e-05  2.35200821e-04]
  [ 5.05996221e-04  7.28469161e-04  2.94105833e-04  7.51695632e-04]
  [ 1.48949723e-04  1.28923461e-04  8.43950734e-05  2.24967808e-04]]

 [[-5.20542181e-05  1.73445255e-04 -5.61515683e-05  1.22419803e-04]
  [ 1.48949723e-04  1.28923461e-04  8.43950734e-05  2.24967808e-04]
  [ 1.62265271e-04  1.87874377e-04  1.16257714e-04  1.41355726e-04]]]",[2251.1494905  2070.19276088 4041.6378008  1649.01994782]
25,[2294.63159706 2113.09738849 4106.76836894 1485.54264551],[2295.62159706 2114.08738849 4107.75836894 1486.53264551],"[[ 0.57318643 -1.36414945  0.19373973 -1.15959319]
 [-0.41316541 -0.01467396 -0.12635541 -0.29300344]
 [ 0.56831538  1.39202819  0.25956798  1.69445328]]","[[[ 1.51960684e-04  2.23604097e-04  1.17195180e-04  1.55984877e-04]
  [ 1.40381136e-04  5.28329269e-05  8.77223660e-05  2.63347585e-04]
  [-5.09412974e-05  2.17125793e-04 -5.20126781e-05  1.33846467e-04]]

 [[ 1.40381136e-04  5.28329269e-05  8.77223660e-05  2.63347585e-04]
  [ 4.93351490e-04  8.25336361e-04  2.88418819e-04  8.25532135e-04]
  [ 1.46242728e-04  5.24123321e-05  8.29062898e-05  2.49911055e-04]]

 [[-5.09412974e-05  2.17125793e-04 -5.20126781e-05  1.33846467e-04]
  [ 1.46242728e-04  5.24123321e-05  8.29062898e-05  2.49911055e-04]
  [ 1.59434056e-04  2.31395103e-04  1.11356655e-04  1.55328729e-04]]]",[2297.62159706 2116.08738849 4109.75836894 1488.53264551]
26,[2320.67901018 2206.32122682 4147.0775672  1325.9621958 ],[2321.66901018 2207.31122682 4148.0675672  1326.9521958 ],"[[ 0.57681189 -1.40787749  0.18804303 -1.1361425 ]
 [-0.41197758 -0.00441897 -0.12404184 -0.34162992]
 [ 0.55996163  1.41098904  0.25835479  1.76826139]]","[[[ 1.49863102e-04  2.53522329e-04  1.14290559e-04  1.73315655e-04]
  [ 1.36991515e-04 -2.23860730e-05  8.71480038e-05  2.98576568e-04]
  [-5.11445710e-05  2.48040557e-04 -4.93234973e-05  1.46588885e-04]]

 [[ 1.36991515e-04 -2.23860730e-05  8.71480038e-05  2.98576568e-04]
  [ 4.85793368e-04  9.22996749e-04  2.85147924e-04  9.13313177e-04]
  [ 1.44957800e-04 -2.40050114e-05  8.19963708e-05  2.80618138e-04]]

 [[-5.11445710e-05  2.48040557e-04 -4.93234973e-05  1.46588885e-04]
  [ 1.44957800e-04 -2.40050114e-05  8.19963708e-05  2.80618138e-04]
  [ 1.58803125e-04  2.62000449e-04  1.08199472e-04  1.71491152e-04]]]",[2323.66901018 2209.31122682 4150.0675672  1328.9521958 ]
27,[2330.23083502 2292.67076424 4164.16717734 1212.9712234 ],[2331.22083502 2293.66076424 4165.15717734 1213.9612234 ],"[[ 5.79746048e-01 -1.41873924e+00  1.80832389e-01 -1.10930560e+00]
 [-4.09336701e-01 -1.06333440e-03 -1.19706666e-01 -3.94411184e-01]
 [ 5.51703831e-01  1.41077140e+00  2.54597802e-01  1.85359679e+00]]","[[[ 1.49431983e-04  2.60371054e-04  1.12744102e-04  1.88098944e-04]
  [ 1.34812748e-04 -5.81550713e-05  8.71891747e-05  3.29431448e-04]
  [-5.22593399e-05  2.55417753e-04 -4.76477180e-05  1.56904560e-04]]

 [[ 1.34812748e-04 -5.81550713e-05  8.71891747e-05  3.29431448e-04]
  [ 4.82777470e-04  9.63482817e-04  2.84140089e-04  9.86766240e-04]
  [ 1.44918804e-04 -6.05059490e-05  8.16057049e-05  3.06630173e-04]]

 [[-5.22593399e-05  2.55417753e-04 -4.76477180e-05  1.56904560e-04]
  [ 1.44918804e-04 -6.05059490e-05  8.16057049e-05  3.06630173e-04]
  [ 1.59823586e-04  2.69055017e-04  1.06323207e-04  1.85111882e-04]]]",[2333.22083502 2295.66076424 4167.15717734 1215.9612234 ]
28,[2332.66890604 2356.97591398 4171.39958993 1138.99559006],[2333.65890604 2357.96591398 4172.38958993 1139.98559006],"[[ 5.82043590e-01 -1.41445581e+00  1.72718076e-01 -1.08751274e+00]
 [-4.06105973e-01 -1.97960078e-04 -1.14371902e-01 -4.46239326e-01]
 [ 5.43921309e-01  1.40121448e+00  2.49451897e-01  1.94603835e+00]]","[[[ 1.49688775e-04  2.56614581e-04  1.11874498e-04  1.99359463e-04]
  [ 1.33226439e-04 -6.78215754e-05  8.75381435e-05  3.53048807e-04]
  [-5.36871710e-05  2.51873119e-04 -4.64812900e-05  1.64323429e-04]]

 [[ 1.33226439e-04 -6.78215754e-05  8.75381435e-05  3.53048807e-04]
  [ 4.81765986e-04  9.64174659e-04  2.84127619e-04  1.04227496e-03]
  [ 1.45427115e-04 -7.04534809e-05  8.14161127e-05  3.25410703e-04]]

 [[-5.36871710e-05  2.51873119e-04 -4.64812900e-05  1.64323429e-04]
  [ 1.45427115e-04 -7.04534809e-05  8.14161127e-05  3.25410703e-04]
  [ 1.61485549e-04  2.65172494e-04  1.05059126e-04  1.95600061e-04]]]",[2335.65890604 2359.96591398 4174.38958993 1141.98559006]
29,[2332.74790551 2406.30900896 4175.42937495 1085.55371058],[2333.73790551 2407.29900896 4176.41937495 1086.54371058],"[[ 5.83508738e-01 -1.40174757e+00  1.63950175e-01 -1.07506467e+00]
 [-4.02475311e-01 -8.40698174e-05 -1.08419614e-01 -4.98654664e-01]
 [ 5.36270492e-01  1.38566005e+00  2.43289036e-01  2.05175277e+00]]","[[[ 1.50088432e-04  2.50053847e-04  1.11298070e-04  2.08502084e-04]
  [ 1.31853329e-04 -6.68303853e-05  8.79925400e-05  3.72246470e-04]
  [-5.51052392e-05  2.45370883e-04 -4.55550821e-05  1.69972924e-04]]

 [[ 1.31853329e-04 -6.68303853e-05  8.79925400e-05  3.72246470e-04]
  [ 4.81357577e-04  9.48107328e-04  2.84413581e-04  1.08900475e-03]
  [ 1.46116819e-04 -6.94897382e-05  8.12719970e-05  3.39282119e-04]]

 [[-5.51052392e-05  2.45370883e-04 -4.55550821e-05  1.69972924e-04]
  [ 1.46116819e-04 -6.94897382e-05  8.12719970e-05  3.39282119e-04]
  [ 1.63248499e-04  2.58323064e-04  1.04056330e-04  2.04451147e-04]]]",[2335.73790551 2409.29900896 4178.41937495 1088.54371058]
30,[2332.22558943 2446.29245498 4178.74326691 1042.77868869],[2333.21558943 2447.28245498 4179.73326691 1043.76868869],"[[ 5.83679560e-01 -1.38144972e+00  1.54401127e-01 -1.07538889e+00]
 [-3.98115306e-01 -1.88630885e-04 -1.01737219e-01 -5.55204649e-01]
 [ 5.28006119e-01  1.36344857e+00  2.35932643e-01  2.18226280e+00]]","[[[ 1.50417252e-04  2.43505779e-04  1.10845226e-04  2.16569680e-04]
  [ 1.30549327e-04 -6.24740223e-05  8.84705590e-05  3.89368078e-04]
  [-5.63818306e-05  2.38818662e-04 -4.47466523e-05  1.74603643e-04]]

 [[ 1.30549327e-04 -6.24740223e-05  8.84705590e-05  3.89368078e-04]
  [ 4.81044218e-04  9.27221801e-04  2.84743768e-04  1.13354274e-03]
  [ 1.46857456e-04 -6.50603974e-05  8.11227202e-05  3.49847014e-04]]

 [[-5.63818306e-05  2.38818662e-04 -4.47466523e-05  1.74603643e-04]
  [ 1.46857456e-04 -6.50603974e-05  8.11227202e-05  3.49847014e-04]
  [ 1.64900503e-04  2.51434499e-04  1.03167159e-04  2.12855735e-04]]]",[2335.21558943 2449.28245498 4181.73326691 1045.76868869]
31,[2331.59964088 2479.3650711  4182.108822   1006.96646603],[2332.58964088 2480.3550711  4183.098822   1007.95646603],"[[ 5.81760469e-01 -1.35188553e+00  1.43625382e-01 -1.09201205e+00]
 [-3.92358242e-01 -3.76173825e-04 -9.39179589e-02 -6.20144064e-01]
 [ 5.18080433e-01  1.33214093e+00  2.26863667e-01  2.35224867e+00]]","[[[ 1.50610383e-04  2.37745119e-04  1.10442215e-04  2.23972218e-04]
  [ 1.29282979e-04 -5.74650270e-05  8.89499648e-05  4.05442955e-04]
  [-5.74714537e-05  2.33032740e-04 -4.39984925e-05  1.78436682e-04]]

 [[ 1.29282979e-04 -5.74650270e-05  8.89499648e-05  4.05442955e-04]
  [ 4.80712719e-04  9.06437447e-04  2.85056600e-04  1.17903909e-03]
  [ 1.47613010e-04 -5.99691804e-05  8.09561386e-05  3.57081663e-04]]

 [[-5.74714537e-05  2.33032740e-04 -4.39984925e-05  1.78436682e-04]
  [ 1.47613010e-04 -5.99691804e-05  8.09561386e-05  3.57081663e-04]
  [ 1.66370129e-04  2.45334202e-04  1.02330408e-04  2.21727753e-04]]]",[2334.58964088 2482.3550711  4185.098822   1009.95646603]
32,[2330.70586568 2506.05325506 4185.37036074  977.91051852],[2331.69586568 2507.04325506 4186.36036074  978.90051852],"[[ 5.76406007e-01 -1.30898737e+00  1.30747041e-01 -1.12955188e+00]
 [-3.84114787e-01 -6.97335804e-04 -8.42159986e-02 -6.98890741e-01]
 [ 5.04997075e-01  1.28721952e+00  2.15168257e-01  2.58169491e+00]]","[[[ 1.50671146e-04  2.32902414e-04  1.10060735e-04  2.30556551e-04]
  [ 1.28090030e-04 -5.26343162e-05  8.94456533e-05  4.20373194e-04]
  [-5.83643639e-05  2.28164248e-04 -4.32814560e-05  1.81195952e-04]]

 [[ 1.28090030e-04 -5.26343162e-05  8.94456533e-05  4.20373194e-04]
  [ 4.80465500e-04  8.87535508e-04  2.85396480e-04  1.22665514e-03]
  [ 1.48391068e-04 -5.51163146e-05  8.07767813e-05  3.58899382e-04]]

 [[-5.83643639e-05  2.28164248e-04 -4.32814560e-05  1.81195952e-04]
  [ 1.48391068e-04 -5.51163146e-05  8.07767813e-05  3.58899382e-04]
  [ 1.67648272e-04  2.40179583e-04  1.01524505e-04  2.32333997e-04]]]",[2333.69586568 2509.04325506 4188.36036074  980.90051852]
33,[2328.62394981 2524.78808091 4187.25758697  959.37038232],[2329.61394981 2525.77808091 4188.24758697  960.36038232],"[[ 5.65228675e-01 -1.24494555e+00  1.14082223e-01 -1.19347087e+00]
 [-3.71551015e-01 -1.43586597e-03 -7.12746200e-02 -7.98010092e-01]
 [ 4.86476653e-01  1.22065888e+00  1.99262456e-01  2.89644623e+00]]","[[[ 1.50659208e-04  2.29047838e-04  1.09711616e-04  2.35192498e-04]
  [ 1.27088471e-04 -4.81271631e-05  9.00195095e-05  4.32274774e-04]
  [-5.90775319e-05  2.24308137e-04 -4.25872206e-05  1.81717850e-04]]

 [[ 1.27088471e-04 -4.81271631e-05  9.00195095e-05  4.32274774e-04]
  [ 4.80647272e-04  8.71381232e-04  2.85931655e-04  1.27577430e-03]
  [ 1.49236170e-04 -5.07518624e-05  8.06042273e-05  3.48631355e-04]]

 [[-5.90775319e-05  2.24308137e-04 -4.25872206e-05  1.81717850e-04]
  [ 1.49236170e-04 -5.07518624e-05  8.06042273e-05  3.48631355e-04]
  [ 1.68785604e-04  2.36088947e-04  1.00763966e-04  2.47778495e-04]]]",[2331.61394981 2527.77808091 4190.24758697  962.36038232]
34,[2322.47273505 2528.45621474 4183.3659923   965.74505791],[2323.46273505 2529.44621474 4184.3559923   966.73505791],"[[ 0.54385029 -1.14541803  0.09034426 -1.28310675]
 [-0.35145375 -0.00336428 -0.05254029 -0.91973842]
 [ 0.45899519  1.11863599  0.17637623  3.30866269]]","[[[ 1.50761475e-04  2.26755697e-04  1.09498717e-04  2.33977268e-04]
  [ 1.26583906e-04 -4.38959945e-05  9.08454663e-05  4.34186759e-04]
  [-5.96987960e-05  2.22116100e-04 -4.19565271e-05  1.76509293e-04]]

 [[ 1.26583906e-04 -4.38959945e-05  9.08454663e-05  4.34186759e-04]
  [ 4.82177091e-04  8.59720931e-04  2.87142367e-04  1.32172341e-03]
  [ 1.50282329e-04 -4.70636840e-05  8.05022782e-05  3.05305800e-04]]

 [[-5.96987960e-05  2.22116100e-04 -4.19565271e-05  1.76509293e-04]
  [ 1.50282329e-04 -4.70636840e-05  8.05022782e-05  3.05305800e-04]
  [ 1.70000961e-04  2.33825558e-04  1.00157153e-04  2.78618943e-04]]]",[2325.46273505 2531.44621474 4186.3559923   968.73505791]
35,[2303.47725469 2492.049379   4158.99777152 1045.51559479],[2304.46725469 2493.039379   4159.98777152 1046.50559479],"[[ 0.50498289 -0.98472833  0.05377142 -1.36500715]
 [-0.31804248 -0.00750052 -0.02312048 -1.038018  ]
 [ 0.41655317  0.95783281  0.14111503  3.7245134 ]]","[[[ 1.51492127e-04  2.28629715e-04  1.09799423e-04  2.16372791e-04]
  [ 1.27327245e-04 -3.98179720e-05  9.23937293e-05  4.06359058e-04]
  [-6.04729382e-05  2.24398929e-04 -4.15544095e-05  1.57751228e-04]]

 [[ 1.27327245e-04 -3.98179720e-05  9.23937293e-05  4.06359058e-04]
  [ 4.87610730e-04  8.58270066e-04  2.90455781e-04  1.34613508e-03]
  [ 1.52007124e-04 -4.43213594e-05  8.07187178e-05  1.74008262e-04]]

 [[-6.04729382e-05  2.24398929e-04 -4.15544095e-05  1.57751228e-04]
  [ 1.52007124e-04 -4.43213594e-05  8.07187178e-05  1.74008262e-04]
  [ 1.71953486e-04  2.36565253e-04  1.00071788e-04  3.57119943e-04]]]",[2306.46725469 2495.039379   4161.98777152 1048.50559479]
36,[2255.51240541 2364.41097938 4084.35725593 1295.75935928],[2256.50240541 2365.40097938 4085.34725593 1296.74935928],"[[ 4.43438385e-01 -7.11675148e-01 -1.44747554e-03 -1.39376077e+00]
 [-2.62612202e-01 -9.65517392e-03  2.52495975e-02 -1.09644942e+00]
 [ 3.45389068e-01  6.83423138e-01  8.01445148e-02  3.94004418e+00]]","[[[ 1.53687586e-04  2.39669147e-04  1.11358770e-04  1.74374474e-04]
  [ 1.30787869e-04 -3.46810540e-05  9.56309613e-05  3.32808222e-04]
  [-6.14207601e-05  2.36156926e-04 -4.15352816e-05  1.22692862e-04]]

 [[ 1.30787869e-04 -3.46810540e-05  9.56309613e-05  3.32808222e-04]
  [ 5.01567577e-04  8.81711796e-04  2.98669133e-04  1.25217723e-03]
  [ 1.55124184e-04 -4.10652777e-05  8.17036404e-05 -9.31041472e-06]]

 [[-6.14207601e-05  2.36156926e-04 -4.15352816e-05  1.22692862e-04]
  [ 1.55124184e-04 -4.10652777e-05  8.17036404e-05 -9.31041472e-06]
  [ 1.75088332e-04  2.49678019e-04  1.00921183e-04  4.38523228e-04]]]",[2258.50240541 2367.40097938 4087.34725593 1298.74935928]
37,[2182.84478271 2157.10532837 3964.38202147 1695.70786745],[2183.83478271 2158.09532837 3965.37202147 1696.69786745],"[[ 3.65546846e-01 -2.93173767e-01 -7.21577898e-02 -1.40008052e+00]
 [-1.87416453e-01 -2.64513862e-03  9.18383757e-02 -1.10996098e+00]
 [ 2.39252957e-01  2.51945808e-01 -1.25531147e-02  4.01731791e+00]]","[[[ 1.57436605e-04  2.59906849e-04  1.14312999e-04  1.32293570e-04]
  [ 1.36958291e-04 -2.76300306e-05  1.00512213e-04  2.59451988e-04]
  [-6.24383457e-05  2.57097378e-04 -4.19693267e-05  8.90208051e-05]]

 [[ 1.36958291e-04 -2.76300306e-05  1.00512213e-04  2.59451988e-04]
  [ 5.23052821e-04  9.38523668e-04  3.11382389e-04  1.05904114e-03]
  [ 1.58992868e-04 -3.59996785e-05  8.32382437e-05 -9.25247949e-05]]

 [[-6.24383457e-05  2.57097378e-04 -4.19693267e-05  8.90208051e-05]
  [ 1.58992868e-04 -3.59996785e-05  8.32382437e-05 -9.25247949e-05]
  [ 1.78757675e-04  2.72760489e-04  1.02583898e-04  4.21013464e-04]]]",[2185.83478271 2160.09532837 3967.37202147 1698.69786745]
38,[2100.65917063 1934.29062061 3827.86223006 2137.22797871],[2101.64917063 1935.28062061 3828.85223006 2138.21797871],"[[ 0.26656757  0.25501845 -0.15829362 -1.3767212 ]
 [-0.09962853  0.00571532  0.16946125 -1.11523183]
 [ 0.11111561 -0.30668349 -0.1238844   4.05334568]]","[[[ 1.62273204e-04  2.85496160e-04  1.18154072e-04  1.03526431e-04]
  [ 1.44116797e-04 -1.84665615e-05  1.05927953e-04  2.08827993e-04]
  [-6.41044197e-05  2.83469910e-04 -4.30590842e-05  6.69636373e-05]]

 [[ 1.44116797e-04 -1.84665615e-05  1.05927953e-04  2.08827993e-04]
  [ 5.47728786e-04  1.01416407e-03  3.26023101e-04  8.94027509e-04]
  [ 1.63212525e-04 -2.97713336e-05  8.50952147e-05 -1.15601069e-04]]

 [[-6.41044197e-05  2.83469910e-04 -4.30590842e-05  6.69636373e-05]
  [ 1.63212525e-04 -2.97713336e-05  8.50952147e-05 -1.15601069e-04]
  [ 1.83486528e-04  3.02217483e-04  1.05227686e-04  3.77364681e-04]]]",[2103.64917063 1937.28062061 3830.85223006 2140.21797871]
39,[2018.27322504 1732.82860885 3690.58054108 2558.35762503],[2019.26322504 1733.81860885 3691.57054108 2559.34762503],"[[ 0.15003088  0.87670464 -0.25489745 -1.31989724]
 [-0.00619324  0.0124498   0.25136389 -1.12180836]
 [-0.02925296 -0.9321493  -0.24449849  4.06761455]]","[[[ 1.67522513e-04  3.13039346e-04  1.22357725e-04  8.47655626e-05]
  [ 1.51324292e-04 -7.99769149e-06  1.11332925e-04  1.75042869e-04]
  [-6.61482923e-05  3.11709072e-04 -4.45470435e-05  5.35554357e-05]]

 [[ 1.51324292e-04 -7.99769149e-06  1.11332925e-04  1.75042869e-04]
  [ 5.72627420e-04  1.09923826e-03  3.40991759e-04  7.70207347e-04]
  [ 1.67336785e-04 -2.33503335e-05  8.70381976e-05 -1.14063400e-04]]

 [[-6.61482923e-05  3.11709072e-04 -4.45470435e-05  5.35554357e-05]
  [ 1.67336785e-04 -2.33503335e-05  8.70381976e-05 -1.14063400e-04]
  [ 1.88763444e-04  3.34513506e-04  1.08467590e-04  3.34317135e-04]]]",[2021.26322504 1735.81860885 3693.57054108 2561.34762503]
40,[1940.42392734 1566.92941548 3560.80519483 2931.88146235],[1941.41392734 1567.91941548 3561.79519483 2932.87146235],"[[ 0.0223257   1.51220191 -0.35688317 -1.2408517 ]
 [ 0.08730652  0.01672612  0.33278594 -1.13033552]
 [-0.17337928 -1.56531718 -0.3677342   4.06880942]]","[[[ 1.72860000e-04  3.40131190e-04  1.26647028e-04  7.22022459e-05]
  [ 1.58034688e-04  2.19124241e-06  1.16423576e-04  1.51732832e-04]
  [-6.84083924e-05  3.39240742e-04 -4.62650505e-05  4.52703891e-05]]

 [[ 1.58034688e-04  2.19124241e-06  1.16423576e-04  1.51732832e-04]
  [ 5.96131823e-04  1.18839660e-03  3.55374267e-04  6.78008760e-04]
  [ 1.71262794e-04 -1.84923497e-05  8.89716732e-05 -1.03705320e-04]]

 [[-6.84083924e-05  3.39240742e-04 -4.62650505e-05  4.52703891e-05]
  [ 1.71262794e-04 -1.84923497e-05  8.89716732e-05 -1.03705320e-04]
  [ 1.94336989e-04  3.67185243e-04  1.12059915e-04  2.97304929e-04]]]",[1943.41392734 1569.91941548 3563.79519483 2934.87146235]
41,[1868.74170369 1432.37463498 3441.58880276 3257.33485858],[1869.73170369 1433.36463498 3442.57880276 3258.32485858],"[[-0.110719    2.13776362 -0.46115651 -1.15570473]
 [ 0.17770438  0.01828256  0.4116437  -1.13852095]
 [-0.31552064 -2.183482   -0.4900513   4.06322714]]","[[[ 1.78160899e-04  3.66334470e-04  1.30900177e-04  6.33585416e-05]
  [ 1.64122087e-04  1.11184267e-05  1.21126006e-04  1.34819452e-04]
  [-7.07503623e-05  3.65415277e-04 -4.80961914e-05  3.98368071e-05]]

 [[ 1.64122087e-04  1.11184267e-05  1.21126006e-04  1.34819452e-04]
  [ 6.17785136e-04  1.28168252e-03  3.68871960e-04  6.07706172e-04]
  [ 1.75015711e-04 -1.65903737e-05  9.08699742e-05 -9.13452598e-05]]

 [[-7.07503623e-05  3.65415277e-04 -4.80961914e-05  3.98368071e-05]
  [ 1.75015711e-04 -1.65903737e-05  9.08699742e-05 -9.13452598e-05]
  [ 2.00056897e-04  4.00033912e-04  1.15853028e-04  2.66606852e-04]]]",[1871.73170369 1435.36463498 3444.57880276 3260.32485858]
42,[1803.34333013 1317.47637323 3333.2288509  3545.99144575],[1804.33333013 1318.46637323 3334.2188509  3546.98144575],"[[-0.24456842  2.77347286 -0.5661446  -1.07805664]
 [ 0.26354586  0.01646547  0.48750766 -1.14372775]
 [-0.45233919 -2.80641643 -0.61009478  4.05503527]]","[[[ 1.83368804e-04  3.92865448e-04  1.35062368e-04  5.68091508e-05]
  [ 1.69665237e-04  1.91151604e-05  1.25480546e-04  1.21967950e-04]
  [-7.30544895e-05  3.90854061e-04 -4.99526128e-05  3.59820138e-05]]

 [[ 1.69665237e-04  1.91151604e-05  1.25480546e-04  1.21967950e-04]
  [ 6.37730584e-04  1.38371115e-03  3.81521154e-04  5.52220873e-04]
  [ 1.78639930e-04 -1.82674026e-05  9.27279850e-05 -7.95518439e-05]]

 [[-7.30544895e-05  3.90854061e-04 -4.99526128e-05  3.59820138e-05]
  [ 1.78639930e-04 -1.82674026e-05  9.27279850e-05 -7.95518439e-05]
  [ 2.05801192e-04  4.35053461e-04  1.19740577e-04  2.41270053e-04]]]",[1806.33333013 1320.46637323 3336.2188509  3548.98144575]
43,[1743.8229457  1210.34461273 3235.02847885 3810.84396272],[1744.8129457  1211.33461273 3236.01847885 3811.83396272],"[[-0.37584995  3.47285795 -0.67110145 -1.01666485]
 [ 0.34420122  0.00881341  0.56064377 -1.1436979 ]
 [-0.58189667 -3.4845254  -0.72758143  4.04616338]]","[[[ 1.88444279e-04  4.22684291e-04  1.39099397e-04  5.17535524e-05]
  [ 1.74796550e-04  2.77114945e-05  1.29557457e-04  1.11858378e-04]
  [-7.52311917e-05  4.16028489e-04 -5.17685570e-05  3.30078404e-05]]

 [[ 1.74796550e-04  2.77114945e-05  1.29557457e-04  1.11858378e-04]
  [ 6.56274890e-04  1.50266373e-03  3.93457252e-04  5.06507032e-04]
  [ 1.82141881e-04 -2.40796229e-05  9.45301157e-05 -6.89048341e-05]]

 [[-7.52311917e-05  4.16028489e-04 -5.17685570e-05  3.30078404e-05]
  [ 1.82141881e-04 -2.40796229e-05  9.45301157e-05 -6.89048341e-05]
  [ 2.11463441e-04  4.77228267e-04  1.23639317e-04  2.20108340e-04]]]",[1746.8129457  1213.33461273 3238.01847885 3813.83396272]
44,[1689.70374693 1104.71906071 3146.18097421 4059.43621815],[1690.69374693 1105.70906071 3147.17097421 4060.42621815],"[[-0.50226878  4.28650945 -0.77588467 -0.97148843]
 [ 0.41942205 -0.01090956  0.63162353 -1.13755763]
 [-0.70292242 -4.26057641 -0.84274711  4.03510908]]","[[[ 1.93334101e-04  4.65179293e-04  1.42967670e-04  4.77678008e-05]
  [ 1.79641863e-04  3.92848009e-05  1.33418749e-04  1.03780702e-04]
  [-7.72079516e-05  4.33146094e-04 -5.34841285e-05  3.05292249e-05]]

 [[ 1.79641863e-04  3.92848009e-05  1.33418749e-04  1.03780702e-04]
  [ 6.73675416e-04  1.64618556e-03  4.04793385e-04  4.67006915e-04]
  [ 1.85465566e-04 -3.53612445e-05  9.62368404e-05 -5.90744940e-05]]

 [[-7.72079516e-05  4.33146094e-04 -5.34841285e-05  3.05292249e-05]
  [ 1.85465566e-04 -3.53612445e-05  9.62368404e-05 -5.90744940e-05]
  [ 2.16929153e-04  5.41788758e-04  1.27467617e-04  2.02080905e-04]]]",[1692.69374693 1107.70906071 3149.17097421 4062.42621815]
45,[1641.0241644  1027.25650466 3066.89670277 4264.86262817],[1642.0141644  1028.24650466 3067.88670277 4265.85262817],"[[-0.62286169  4.96310988 -0.88116078 -0.90797801]
 [ 0.48944288 -0.04234766  0.70145672 -1.13604679]
 [-0.81453305 -4.88658291 -0.95631361  4.01527171]]","[[[ 1.97865906e-04  6.65608935e-04  1.46531823e-04  4.48176747e-05]
  [ 1.84245739e-04  2.62973241e-05  1.37056159e-04  9.77100449e-05]
  [-7.88450866e-05  2.76575744e-04 -5.49891658e-05  2.85730737e-05]]

 [[ 1.84245739e-04  2.62973241e-05  1.37056159e-04  9.77100449e-05]
  [ 6.89812556e-04  1.78730921e-03  4.15425950e-04  4.35101206e-04]
  [ 1.88409996e-04 -3.06459575e-05  9.77456367e-05 -5.02822257e-05]]

 [[-7.88450866e-05  2.76575744e-04 -5.49891658e-05  2.85730737e-05]
  [ 1.88409996e-04 -3.06459575e-05  9.77456367e-05 -5.02822257e-05]
  [ 2.21944654e-04  7.81497513e-04  1.31069076e-04  1.87434912e-04]]]",[1644.0141644  1030.24650466 3069.88670277 4267.85262817]
46,[1598.04123826 1011.403042   2996.71750683 4393.87821291],[1599.03123826 1012.393042   2997.70750683 4394.86821291],"[[-0.73205939  5.0575763  -0.98548583 -0.79445387]
 [ 0.55551608 -0.05305628  0.77184829 -1.15644862]
 [-0.92196477 -4.9653492  -1.07334043  3.99359076]]","[[[ 2.01427468e-04  9.56362109e-04  1.49418888e-04  4.28180568e-05]
  [ 1.87847463e-04 -7.14385394e-05  1.40107586e-04  9.38268061e-05]
  [-7.99163859e-05  3.98305797e-05 -5.61066803e-05  2.71948510e-05]]

 [[ 1.87847463e-04 -7.14385394e-05  1.40107586e-04  9.38268061e-05]
  [ 7.04205127e-04  1.88780307e-03  4.25191344e-04  4.19636395e-04]
  [ 1.91459688e-04  1.86846960e-05  9.92915232e-05 -4.66364956e-05]]

 [[-7.99163859e-05  3.98305797e-05 -5.61066803e-05  2.71948510e-05]
  [ 1.91459688e-04  1.86846960e-05  9.92915232e-05 -4.66364956e-05]
  [ 2.26534563e-04  1.02471481e-03  1.34429118e-04  1.78326055e-04]]]",[1601.03123826 1014.393042   2999.70750683 4396.86821291]
47,[1555.19649691 1008.18886875 2926.37230989 4510.28232444],[1556.18649691 1009.17886875 2927.36230989 4511.27232444],"[[-0.83273424  5.06524668 -1.09529443 -0.68840349]
 [ 0.61598963 -0.05423771  0.84378262 -1.1766097 ]
 [-1.02234585 -4.97144485 -1.19362801  3.97555883]]","[[[ 2.04797971e-04  9.78095068e-04  1.52335668e-04  4.11023296e-05]
  [ 1.92126923e-04 -8.37047631e-05  1.43456557e-04  9.06035149e-05]
  [-8.03343653e-05  2.91996671e-05 -5.70498765e-05  2.58415312e-05]]

 [[ 1.92126923e-04 -8.37047631e-05  1.43456557e-04  9.06035149e-05]
  [ 7.20813409e-04  1.90045255e-03  4.36141394e-04  4.07925211e-04]
  [ 1.94996995e-04  2.10474387e-05  1.01102157e-04 -4.45817873e-05]]

 [[-8.03343653e-05  2.91996671e-05 -5.70498765e-05  2.58415312e-05]
  [ 1.94996995e-04  2.10474387e-05  1.01102157e-04 -4.45817873e-05]
  [ 2.30856546e-04  1.04147424e-03  1.37968474e-04  1.70859065e-04]]]",[1558.18649691 1011.17886875 2929.36230989 4513.27232444]
48,[1511.9337677  1007.91316711 2857.78281997 4622.41024522],[1512.9237677  1008.90316711 2858.77281997 4623.40024522],"[[-0.92653407  5.06577129 -1.21491414 -0.59090339]
 [ 0.6711358  -0.05423752  0.92020222 -1.19509362]
 [-1.11320083 -4.97187115 -1.32015213  3.95962875]]","[[[ 2.09160465e-04  9.79469443e-04  1.55585840e-04  3.95621919e-05]
  [ 1.96895583e-04 -8.42994257e-05  1.46917285e-04  8.77031010e-05]
  [-8.14652608e-05  2.87605030e-05 -5.82319026e-05  2.45466675e-05]]

 [[ 1.96895583e-04 -8.42994257e-05  1.46917285e-04  8.77031010e-05]
  [ 7.38788791e-04  1.90144903e-03  4.47613743e-04  3.97377920e-04]
  [ 1.98696022e-04  2.07607338e-05  1.02925472e-04 -4.29535201e-05]]

 [[-8.14652608e-05  2.87605030e-05 -5.82319026e-05  2.45466675e-05]
  [ 1.98696022e-04  2.07607338e-05  1.02925472e-04 -4.29535201e-05]
  [ 2.36164679e-04  1.04257890e-03  1.42068727e-04  1.64133250e-04]]]",[1514.9237677  1010.90316711 2860.77281997 4625.40024522]
49,[1468.23204224 1007.86069682 2790.72668224 4733.2205787 ],[1469.22204224 1008.85069682 2791.71668224 4734.2105787 ],"[[-1.00850236  5.0658529  -1.3482448  -0.49873299]
 [ 0.71933531 -0.05422292  1.00426536 -1.21242494]
 [-1.19338357 -4.97194805 -1.45906402  3.94473392]]","[[[ 2.14078850e-04  9.79699300e-04  1.58822627e-04  3.81482253e-05]
  [ 2.02034738e-04 -8.44224047e-05  1.50417852e-04  8.50059450e-05]
  [-8.29480632e-05  2.87264196e-05 -5.93048512e-05  2.33369792e-05]]

 [[ 2.02034738e-04 -8.44224047e-05  1.50417852e-04  8.50059450e-05]
  [ 7.58079387e-04  1.90176819e-03  4.59769243e-04  3.87397589e-04]
  [ 2.02562411e-04  2.06270398e-05  1.04803738e-04 -4.13829294e-05]]

 [[-8.29480632e-05  2.87264196e-05 -5.93048512e-05  2.33369792e-05]
  [ 2.02562411e-04  2.06270398e-05  1.04803738e-04 -4.13829294e-05]
  [ 2.42048229e-04  1.04277459e-03  1.46554130e-04  1.57757565e-04]]]",[1471.22204224 1010.85069682 2793.71668224 4736.2105787 ]
50,[1422.3101331  1007.82278932 2723.4866531  4846.42042448],[1423.3001331  1008.81278932 2724.4766531  4847.41042448],"[[-1.07308437  5.06590848 -1.504076   -0.40876698]
 [ 0.75765464 -0.05420862  1.10130764 -1.22916365]
 [-1.25870556 -4.97200154 -1.61866902  3.92992707]]","[[[ 2.19790520e-04  9.79863747e-04  1.61979612e-04  3.68127569e-05]
  [ 2.07785651e-04 -8.45190261e-05  1.53979596e-04  8.24145735e-05]
  [-8.49349081e-05  2.87152662e-05 -6.01106688e-05  2.21909879e-05]]

 [[ 2.07785651e-04 -8.45190261e-05  1.53979596e-04  8.24145735e-05]
  [ 7.79439526e-04  1.90203803e-03  4.73153154e-04  3.77637105e-04]
  [ 2.06671387e-04  2.05082142e-05  1.06768918e-04 -3.97878112e-05]]

 [[-8.49349081e-05  2.87152662e-05 -6.01106688e-05  2.21909879e-05]
  [ 2.06671387e-04  2.05082142e-05  1.06768918e-04 -3.97878112e-05]
  [ 2.48656049e-04  1.04290877e-03  1.51583709e-04  1.51521998e-04]]]",[1425.3001331  1010.81278932 2726.4766531  4849.41042448]
51,[1371.3362745  1007.7825085  2654.34540964 4966.57580736],[1372.3262745  1008.7725085  2655.33540964 4967.56580736],"[[-1.10935835  5.06596929 -1.69683118 -0.31774157]
 [ 0.77994469 -0.05419295  1.21980466 -1.24583168]
 [-1.30015641 -4.97205806 -1.81164837  3.91400096]]","[[[ 2.26906681e-04  9.80043332e-04  1.65003211e-04  3.55107396e-05]
  [ 2.14625020e-04 -8.46209646e-05  1.57527630e-04  7.98254259e-05]
  [-8.78498416e-05  2.87009858e-05 -6.04163318e-05  2.10945563e-05]]

 [[ 2.14625020e-04 -8.46209646e-05  1.57527630e-04  7.98254259e-05]
  [ 8.04210784e-04  1.90232036e-03  4.88660637e-04  3.67745796e-04]
  [ 2.11197719e-04  2.03817050e-05  1.08800677e-04 -3.81034678e-05]]

 [[-8.78498416e-05  2.87009858e-05 -6.04163318e-05  2.10945563e-05]
  [ 2.11197719e-04  2.03817050e-05  1.08800677e-04 -3.81034678e-05]
  [ 2.56424545e-04  1.04304919e-03  1.57511791e-04  1.45236102e-04]]]",[1374.3262745  1010.7725085  2657.33540964 4969.56580736]
52,[1310.62642943 1007.73777558 2582.42875441 5099.24704058],[1311.61642943 1008.72777558 2583.41875441 5100.23704058],"[[-1.09463793  5.06604068 -1.94922975 -0.2225158 ]
 [ 0.77328306 -0.0541757   1.37288063 -1.26276835]
 [-1.29924583 -4.97211873 -2.05651773  3.89493306]]","[[[ 2.36655874e-04  9.80256222e-04  1.67771052e-04  3.42078720e-05]
  [ 2.23549926e-04 -8.47380308e-05  1.60580964e-04  7.71271465e-05]
  [-9.25103588e-05  2.86835504e-05 -5.96869463e-05  2.00681723e-05]]

 [[ 2.23549926e-04 -8.47380308e-05  1.60580964e-04  7.71271465e-05]
  [ 8.34900278e-04  1.90262950e-03  5.07871210e-04  3.57345292e-04]
  [ 2.16508553e-04  2.02422088e-05  1.10525115e-04 -3.62296243e-05]]

 [[-9.25103588e-05  2.86835504e-05 -5.96869463e-05  2.00681723e-05]
  [ 2.16508553e-04  2.02422088e-05  1.10525115e-04 -3.62296243e-05]
  [ 2.66296729e-04  1.04319696e-03  1.64935670e-04  1.38722277e-04]]]",[1313.61642943 1010.72777558 2585.41875441 5102.23704058]
53,[1231.77498053 1007.69172724 2511.63127197 5248.94202027],[1232.76498053 1008.68172724 2512.62127197 5249.93202027],"[[-0.98085407  5.06612306 -2.29059923 -0.12220806]
 [ 0.71025641 -0.05415959  1.57704052 -1.27954897]
 [-1.21849501 -4.97216967 -2.37260058  3.8689092 ]]","[[[ 2.51781692e-04  9.80520469e-04  1.70136437e-04  3.29138569e-05]
  [ 2.36938978e-04 -8.48909453e-05  1.60776392e-04  7.42355236e-05]
  [-1.00587249e-04  2.86803028e-05 -5.64710562e-05  1.92280666e-05]]

 [[ 2.36938978e-04 -8.48909453e-05  1.60776392e-04  7.42355236e-05]
  [ 8.77073605e-04  1.90297712e-03  5.34554388e-04  3.46159893e-04]
  [ 2.23463717e-04  2.00918029e-05  1.09739556e-04 -3.39835590e-05]]

 [[-1.00587249e-04  2.86803028e-05 -5.64710562e-05  1.92280666e-05]
  [ 2.23463717e-04  2.00918029e-05  1.09739556e-04 -3.39835590e-05]
  [ 2.80688003e-04  1.04331093e-03  1.74664830e-04  1.31898028e-04]]]",[1234.76498053 1010.68172724 2514.62127197 5251.93202027]
54,[1119.78854865 1007.68350175 2467.59094762 5404.97700197],[1120.77854865 1008.67350175 2468.58094762 5405.96700197],"[[-0.66312672  5.06616723 -2.71926385 -0.02778719]
 [ 0.53119998 -0.05415982  1.82907853 -1.29302427]
 [-0.97994317 -4.97211256 -2.74080257  3.83132924]]","[[[ 2.79389442e-04  9.80791696e-04  1.73921536e-04  3.17876467e-05]
  [ 2.61068371e-04 -8.51391720e-05  1.44525626e-04  7.13295355e-05]
  [-1.15901074e-04  2.88174415e-05 -4.56354536e-05  1.88465970e-05]]

 [[ 2.61068371e-04 -8.51391720e-05  1.44525626e-04  7.13295355e-05]
  [ 9.45305531e-04  1.90335717e-03  5.88847766e-04  3.34802981e-04]
  [ 2.33860203e-04  1.99600105e-05  9.44894277e-05 -3.10570780e-05]]

 [[-1.15901074e-04  2.88174415e-05 -4.56354536e-05  1.88465970e-05]
  [ 2.33860203e-04  1.99600105e-05  9.44894277e-05 -3.10570780e-05]
  [ 3.05904719e-04  1.04312746e-03  1.87479184e-04  1.24998870e-04]]]",[1122.77854865 1010.67350175 2470.58094762 5407.96700197]
55,[ 946.96917613 1007.98832421 2549.12792951 5495.95457015],[ 947.95917613 1008.97832421 2550.11792951 5496.94457015],"[[ 0.03206123  5.0656907  -3.03369116  0.01794747]
 [ 0.13574566 -0.05418544  2.00615941 -1.29600045]
 [-0.44024726 -4.97143852 -2.98381862  3.79758395]]","[[[ 3.42887198e-04  9.80158254e-04  1.96201330e-04  3.12833914e-05]
  [ 3.12799017e-04 -8.54272439e-05  4.80010679e-05  6.96323055e-05]
  [-1.49826020e-04  2.98324137e-05 -1.04732826e-05  1.90392631e-05]]

 [[ 3.12799017e-04 -8.54272439e-05  4.80010679e-05  6.96323055e-05]
  [ 1.09131602e-03  1.90356890e-03  7.82532666e-04  3.27549705e-04]
  [ 2.54984446e-04  1.98063577e-05  1.84868239e-05 -2.79388896e-05]]

 [[-1.49826020e-04  2.98324137e-05 -1.04732826e-05  1.90392631e-05]
  [ 2.54984446e-04  1.98063577e-05  1.84868239e-05 -2.79388896e-05]
  [ 3.59309601e-04  1.04141102e-03  2.05133991e-04  1.20038446e-04]]]",[ 949.95917613 1010.97832421 2552.11792951 5498.94457015]
56,[ 782.54431811 1008.71696506 2716.2787379  5492.49997893],[ 783.53431811 1009.70696506 2717.2687379  5493.48997893],"[[ 0.90270339  5.06405963 -3.08095759  0.01005285]
 [-0.35762937 -0.05389633  2.02234652 -1.29147678]
 [ 0.28510846 -4.97045403 -3.01615416  3.79059946]]","[[[ 4.52787964e-04  9.76142434e-04  1.94446329e-04  3.13955493e-05]
  [ 3.85640616e-04 -8.38815416e-05  5.39805543e-06  6.95887328e-05]
  [-2.06823877e-04  3.15201111e-05  2.27527552e-06  1.94668761e-05]]

 [[ 3.85640616e-04 -8.38815416e-05  5.39805543e-06  6.95887328e-05]
  [ 1.31437005e-03  1.90265818e-03  8.06555174e-04  3.26904080e-04]
  [ 2.85700661e-04  1.89870072e-05 -9.19250595e-06 -2.66063001e-05]]

 [[-2.06823877e-04  3.15201111e-05  2.27527552e-06  1.94668761e-05]
  [ 2.85700661e-04  1.89870072e-05 -9.19250595e-06 -2.66063001e-05]
  [ 4.37477551e-04  1.03917623e-03  1.98926334e-04  1.19592552e-04]]]",[ 785.53431811 1011.70696506 2719.2687379  5495.48997893]
57,[ 713.57884558 1009.21274318 2807.35846572 5469.88994553],[ 714.56884558 1010.20274318 2808.34846572 5470.87994553],"[[ 1.56527027  5.06303554 -3.09451396 -0.00708503]
 [-0.73134849 -0.05375769  2.0229217  -1.28649399]
 [ 0.86150931 -4.96970191 -3.02262799  3.78842172]]","[[[ 5.57349638e-04  9.73513973e-04  1.86938240e-04  3.16393685e-05]
  [ 4.28707283e-04 -8.27317619e-05  8.44850267e-07  6.98505726e-05]
  [-2.60500827e-04  3.24488371e-05  2.55988626e-06  1.99950348e-05]]

 [[ 4.28707283e-04 -8.27317619e-05  8.44850267e-07  6.98505726e-05]
  [ 1.45783308e-03  1.90164871e-03  7.78139934e-04  3.27676890e-04]
  [ 2.95395623e-04  1.88413025e-05 -9.28206555e-06 -2.58793640e-05]]

 [[-2.60500827e-04  3.24488371e-05  2.55988626e-06  1.99950348e-05]
  [ 2.95395623e-04  1.88413025e-05 -9.28206555e-06 -2.58793640e-05]
  [ 4.88597051e-04  1.03711937e-03  1.90924317e-04  1.20402727e-04]]]",[ 716.56884558 1012.20274318 2810.34846572 5472.87994553]
58,[ 691.2374932  1009.53275251 2872.38355095 5426.88620334],[ 692.2274932  1010.52275251 2873.37355095 5427.87620334],"[[ 2.13889509  5.06245312 -3.09832376 -0.03495541]
 [-1.06362333 -0.05372193  2.02081588 -1.28044418]
 [ 1.39611066 -4.96910569 -3.0239307   3.79088595]]","[[[ 6.52706308e-04  9.72152916e-04  1.80654290e-04  3.20249354e-05]
  [ 4.29988514e-04 -8.21995898e-05  2.98776368e-06  7.04513960e-05]
  [-3.07650247e-04  3.31382190e-05  8.00747916e-07  2.06110450e-05]]

 [[ 4.29988514e-04 -8.21995898e-05  2.98776368e-06  7.04513960e-05]
  [ 1.53930965e-03  1.90102561e-03  7.49945759e-04  3.29895682e-04]
  [ 2.95436864e-04  1.88437096e-05 -5.48278503e-06 -2.56018813e-05]]

 [[-3.07650247e-04  3.31382190e-05  8.00747916e-07  2.06110450e-05]
  [ 2.95436864e-04  1.88437096e-05 -5.48278503e-06 -2.56018813e-05]
  [ 5.17896939e-04  1.03541101e-03  1.84084939e-04  1.22208844e-04]]]",[ 694.2274932  1012.52275251 2875.37355095 5429.87620334]
59,[ 713.38405059 1009.73316669 2929.05837797 5347.86440475],[ 714.37405059 1010.72316669 2930.04837797 5348.85440475],"[[ 2.67646344  5.06211403 -3.09549763 -0.08496834]
 [-1.39048509 -0.05371941  2.01681101 -1.27051917]
 [ 1.94683415 -4.96869509 -3.0249698   3.80027623]]","[[[ 7.32217707e-04  9.71396694e-04  1.75660112e-04  3.27031474e-05]
  [ 3.63268235e-04 -8.19106139e-05  5.84508634e-06  7.17132253e-05]
  [-3.35025716e-04  3.35906358e-05 -1.31047957e-06  2.14637223e-05]]

 [[ 3.63268235e-04 -8.19106139e-05  5.84508634e-06  7.17132253e-05]
  [ 1.57244934e-03  1.90059720e-03  7.25893653e-04  3.34834770e-04]
  [ 2.87644242e-04  1.88980733e-05 -1.87446443e-06 -2.58075937e-05]]

 [[-3.35025716e-04  3.35906358e-05 -1.31047957e-06  2.14637223e-05]
  [ 2.87644242e-04  1.88980733e-05 -1.87446443e-06 -2.58075937e-05]
  [ 5.18586006e-04  1.03420717e-03  1.77923077e-04  1.25655965e-04]]]",[ 716.37405059 1012.72316669 2932.04837797 5350.85440475]
60,[ 818.52556035 1009.83766488 2981.56880316 5190.10797161],[ 819.51556035 1010.82766488 2982.55880316 5191.09797161],"[[ 3.11457046  5.06191226 -3.08169796 -0.18760264]
 [-1.6846601  -0.05370831  2.00847959 -1.25014084]
 [ 2.46699951 -4.96851403 -3.02388992  3.82425944]]","[[[ 7.88520946e-04  9.70849626e-04  1.71035693e-04  3.40563940e-05]
  [ 1.63483648e-04 -8.16060851e-05  9.37166760e-06  7.44501685e-05]
  [-3.11179731e-04  3.37890261e-05 -2.99554005e-06  2.29018637e-05]]

 [[ 1.63483648e-04 -8.16060851e-05  9.37166760e-06  7.44501685e-05]
  [ 1.60739792e-03  1.90019355e-03  7.03024271e-04  3.45704841e-04]
  [ 2.49557154e-04  1.89403773e-05  4.35171571e-07 -2.67988241e-05]]

 [[-3.11179731e-04  3.37890261e-05 -2.99554005e-06  2.29018637e-05]
  [ 2.49557154e-04  1.89403773e-05  4.35171571e-07 -2.67988241e-05]
  [ 4.71540742e-04  1.03369894e-03  1.72822399e-04  1.32654468e-04]]]",[ 821.51556035 1012.82766488 2984.55880316 5193.09797161]
61,[1117.16175223 1010.0398537  3014.12388232 4858.71451176],[1118.15175223 1011.0298537  3015.11388232 4859.70451176],"[[ 3.28653598  5.06139429 -3.06225369 -0.42288008]
 [-1.85146201 -0.05361482  1.99864938 -1.20085983]
 [ 2.76680644 -4.96818739 -3.01881368  3.88170768]]","[[[ 7.41997868e-04  9.69393578e-04  1.66703224e-04  3.70886172e-05]
  [-1.19611900e-04 -8.07152911e-05  1.44248039e-05  8.07159618e-05]
  [-2.07434558e-04  3.45155147e-05 -3.94051487e-06  2.58234562e-05]]

 [[-1.19611900e-04 -8.07152911e-05  1.44248039e-05  8.07159618e-05]
  [ 1.60711257e-03  1.89931114e-03  6.83884855e-04  3.69919434e-04]
  [ 1.44856871e-04  1.86160075e-05  2.05058663e-06 -2.87652304e-05]]

 [[-2.07434558e-04  3.45155147e-05 -3.94051487e-06  2.58234562e-05]
  [ 1.44856871e-04  1.86160075e-05  2.05058663e-06 -2.87652304e-05]
  [ 3.69856935e-04  1.03295203e-03  1.70461852e-04  1.47641470e-04]]]",[1120.15175223 1013.0298537  3017.11388232 4861.70451176]
62,[1618.41712366 1010.77504009 3018.67667647 4352.17115978],[1619.40712366 1011.76504009 3019.66667647 4353.16115978],"[[ 3.27369993  5.05999813 -3.05773199 -0.84621263]
 [-1.91969807 -0.05351783  1.99693222 -1.10293174]
 [ 2.86495852 -4.96625938 -3.01685785  3.9804792 ]]","[[[ 5.61532081e-04  9.66566680e-04  1.65362327e-04  4.24833090e-05]
  [-1.84137281e-04 -7.92532217e-05  1.56975292e-05  9.14513456e-05]
  [-1.20811427e-04  3.79716043e-05 -4.38125546e-06  3.08961275e-05]]

 [[-1.84137281e-04 -7.92532217e-05  1.56975292e-05  9.14513456e-05]
  [ 1.32756341e-03  1.89725840e-03  6.80823037e-04  4.09570375e-04]
  [ 8.37647703e-05  1.75843935e-05  2.62721618e-06 -2.97603945e-05]]

 [[-1.20811427e-04  3.79716043e-05 -4.38125546e-06  3.08961275e-05]
  [ 8.37647703e-05  1.75843935e-05  2.62721618e-06 -2.97603945e-05]
  [ 2.69908166e-04  1.02766238e-03  1.69980000e-04  1.71678857e-04]]]",[1621.40712366 1013.76504009 3021.66667647 4355.16115978]
63,[2116.94537304 1011.08710433 3018.8787728  3853.12874984],[2117.93537304 1012.07710433 3019.8687728  3854.11874984],"[[ 3.23100563  5.05967004 -3.05764444 -1.35600427]
 [-1.96037445 -0.0537161   1.99684559 -0.97505832]
 [ 2.91768209 -4.96537433 -3.01665856  4.09650105]]","[[[ 4.16744289e-04  9.65905628e-04  1.65302233e-04  4.91794826e-05]
  [-1.58791828e-04 -7.87770291e-05  1.56983572e-05  1.03949718e-04]
  [-7.18858230e-05  3.87188516e-05 -4.38246223e-06  3.70708745e-05]]

 [[-1.58791828e-04 -7.87770291e-05  1.56983572e-05  1.03949718e-04]
  [ 1.08203636e-03  1.89523796e-03  6.80653256e-04  4.58692789e-04]
  [ 5.33209870e-05  1.85225987e-05  2.71991587e-06 -3.14746680e-05]]

 [[-7.18858230e-05  3.87188516e-05 -4.38246223e-06  3.70708745e-05]
  [ 5.33209870e-05  1.85225987e-05  2.71991587e-06 -3.14746680e-05]
  [ 2.14162413e-04  1.02502533e-03  1.69917767e-04  2.00742011e-04]]]",[2119.93537304 1014.07710433 3021.8687728  3856.11874984]
64,[2526.7185723  1011.25243012 3018.97776776 3443.09122982],[2527.7085723  1012.24243012 3019.96776776 3444.08122982],"[[ 3.19125623  5.0595929  -3.05768224 -1.87279197]
 [-1.98414373 -0.0539186   1.99679327 -0.84040574]
 [ 2.95047784 -4.96490171 -3.01653392  4.21307723]]","[[[ 3.19948424e-04  9.65686456e-04  1.65293379e-04  5.66283511e-05]
  [-1.19243762e-04 -7.84849741e-05  1.56711768e-05  1.16755358e-04]
  [-4.43422176e-05  3.87976732e-05 -4.36774284e-06  4.35632236e-05]]

 [[-1.19243762e-04 -7.84849741e-05  1.56711768e-05  1.16755358e-04]
  [ 9.12125863e-04  1.89353688e-03  6.80533659e-04  5.12577716e-04]
  [ 3.47926522e-05  1.96120979e-05  2.79087653e-06 -3.45864511e-05]]

 [[-4.43422176e-05  3.87976732e-05 -4.36774284e-06  4.35632236e-05]
  [ 3.47926522e-05  1.96120979e-05  2.79087653e-06 -3.45864511e-05]
  [ 1.83454838e-04  1.02356336e-03  1.69877243e-04  2.31990633e-04]]]",[2529.7085723  1014.24243012 3021.96776776 3446.08122982]
65,[2849.81264865 1011.30739892 3019.07589242 3119.84406001],[2850.80264865 1012.29739892 3020.06589242 3120.83406001],"[[ 3.16298187  5.05953366 -3.05772337 -2.37126127]
 [-1.99685938 -0.05393964  1.99674298 -0.71042884]
 [ 2.97011915 -4.96473904 -3.01640751  4.32606381]]","[[[ 2.57772705e-04  9.65616508e-04  1.65285506e-04  6.49187382e-05]
  [-8.49695329e-05 -7.84929677e-05  1.56440728e-05  1.29263960e-04]
  [-2.85049399e-05  3.89309521e-05 -4.35174424e-06  5.00990062e-05]]

 [[-8.49695329e-05 -7.84929677e-05  1.56440728e-05  1.29263960e-04]
  [ 7.94665572e-04  1.89344972e-03  6.80419239e-04  5.67048671e-04]
  [ 2.27665962e-05  1.97016134e-05  2.85965108e-06 -3.84959292e-05]]

 [[-2.85049399e-05  3.89309521e-05 -4.35174424e-06  5.00990062e-05]
  [ 2.27665962e-05  1.97016134e-05  2.85965108e-06 -3.84959292e-05]
  [ 1.65026220e-04  1.02303856e-03  1.69834550e-04  2.63986278e-04]]]",[2852.80264865 1014.29739892 3022.06589242 3122.83406001]
66,[3110.4754739  1011.27443581 3019.16640046 2859.12368982],[3111.4654739  1012.26443581 3020.15640046 2860.11368982],"[[ 3.14474403  5.05945998 -3.05776176 -2.85562224]
 [-2.00375257 -0.05378692  1.99669729 -0.58577208]
 [ 2.98131159 -4.96482736 -3.01629018  4.43749743]]","[[[ 2.17585126e-04  9.65631484e-04  1.65278190e-04  7.46297771e-05]
  [-5.89097762e-05 -7.87737017e-05  1.56193241e-05  1.41341294e-04]
  [-1.90464725e-05  3.91869732e-05 -4.33654505e-06  5.64469701e-05]]

 [[-5.89097762e-05 -7.87737017e-05  1.56193241e-05  1.41341294e-04]
  [ 7.10730473e-04  1.89488215e-03  6.80315616e-04  6.20267997e-04]
  [ 1.45824735e-05  1.88230549e-05  2.92217621e-06 -4.24540144e-05]]

 [[-1.90464725e-05  3.91869732e-05 -4.33654505e-06  5.64469701e-05]
  [ 1.45824735e-05  1.88230549e-05  2.92217621e-06 -4.24540144e-05]
  [ 1.53165543e-04  1.02327946e-03  1.69794260e-04  2.95634601e-04]]]",[3113.4654739  1014.26443581 3022.15640046 2862.11368982]
67,[3332.5391676  1011.23154815 3019.23189539 2637.03738887],[3333.5291676  1012.22154815 3020.22189539 2638.02738887],"[[ 3.13134763  5.05939547 -3.05778928 -3.34360242]
 [-2.0080148  -0.05362686  1.99666374 -0.46110193]
 [ 2.98759677 -4.96494375 -3.01620613  4.55211454]]","[[[ 1.89988813e-04  9.65661678e-04  1.65272835e-04  8.73499921e-05]
  [-3.94962561e-05 -7.90613872e-05  1.56014317e-05  1.53227086e-04]
  [-1.29148342e-05  3.94267500e-05 -4.32561631e-06  6.23484269e-05]]

 [[-3.94962561e-05 -7.90613872e-05  1.56014317e-05  1.53227086e-04]
  [ 6.47491327e-04  1.89637094e-03  6.80239028e-04  6.73736618e-04]
  [ 8.66648847e-06  1.79052390e-05  2.96789917e-06 -4.59690412e-05]]

 [[-1.29148342e-05  3.94267500e-05 -4.32561631e-06  6.23484269e-05]
  [ 8.66648847e-06  1.79052390e-05  2.96789917e-06 -4.59690412e-05]
  [ 1.44945634e-04  1.02360927e-03  1.69765628e-04  3.26750949e-04]]]",[3335.5291676  1014.22154815 3022.22189539 2640.02738887]
68,[3536.06786765 1011.20865502 3019.26067974 2433.50279759],[3537.05786765 1012.19865502 3020.25067974 2434.49279759],"[[ 3.11422477  5.0593474  -3.05779974 -3.85993554]
 [-2.01056094 -0.05352116  1.99664744 -0.32812646]
 [ 2.991926   -4.96500273 -3.01617166  4.67660335]]","[[[ 1.69293361e-04  9.65679705e-04  1.65270613e-04  1.07658962e-04]
  [-2.47809226e-05 -7.92577931e-05  1.55937958e-05  1.64520436e-04]
  [-8.48819395e-06  3.96007885e-05 -4.32166002e-06  6.71336207e-05]]

 [[-2.47809226e-05 -7.92577931e-05  1.55937958e-05  1.64520436e-04]
  [ 5.96668616e-04  1.89737144e-03  6.80200563e-04  7.31795728e-04]
  [ 4.15418064e-06  1.72948510e-05  2.98958039e-06 -4.89338573e-05]]

 [[-8.48819395e-06  3.96007885e-05 -4.32166002e-06  6.71336207e-05]
  [ 4.15418064e-06  1.72948510e-05  2.98958039e-06 -4.89338573e-05]
  [ 1.38645019e-04  1.02376543e-03  1.69755082e-04  3.59054748e-04]]]",[3539.05786765 1014.19865502 3022.25067974 2436.49279759]
69,[3727.97351675 1011.20242837 3019.24900743 2241.61504744],[3728.96351675 1012.19242837 3020.23900743 2242.60504744],"[[ 3.0763516   5.05931111 -3.05778893 -4.39372729]
 [-2.00894429 -0.05345876  1.99664959 -0.18686243]
 [ 2.99904327 -4.96501411 -3.01619275  4.80889791]]","[[[ 1.53358106e-04  9.65686154e-04  1.65272084e-04  1.50530600e-04]
  [-1.46391512e-05 -7.93817340e-05  1.55986442e-05  1.69199906e-04]
  [-5.38385266e-06  3.97248240e-05 -4.32638876e-06  6.77893749e-05]]

 [[-1.46391512e-05 -7.93817340e-05  1.55986442e-05  1.69199906e-04]
  [ 5.56021132e-04  1.89798181e-03  6.80201996e-04  7.99918777e-04]
  [ 1.06270862e-06  1.69297578e-05  2.98525016e-06 -5.01159897e-05]]

 [[-5.38385266e-06  3.97248240e-05 -4.32638876e-06  6.77893749e-05]
  [ 1.06270862e-06  1.69297578e-05  2.98525016e-06 -5.01159897e-05]
  [ 1.33542128e-04  1.02377670e-03  1.69765354e-04  3.95167014e-04]]]",[3730.96351675 1014.19242837 3022.23900743 2244.60504744]
70,[3883.41179627 1011.21050614 3019.20331902 2086.21437857],[3884.40179627 1012.20050614 3020.19331902 2087.20437857],"[[ 3.01297352  5.05928554 -3.05775008 -4.83214006]
 [-2.00172734 -0.05343476  1.99666501 -0.06458616]
 [ 3.01107211 -4.96498511 -3.01626212  4.92124792]]","[[[ 1.39564917e-04  9.65682494e-04  1.65277034e-04  2.73430743e-04]
  [-7.94807525e-06 -7.94417255e-05  1.56201394e-05  1.32100339e-04]
  [-3.11118284e-06  3.98035406e-05 -4.34184890e-06  4.90412615e-05]]

 [[-7.94807525e-06 -7.94417255e-05  1.56201394e-05  1.32100339e-04]
  [ 5.28011456e-04  1.89824433e-03  6.80226976e-04  8.86978337e-04]
  [-8.08725749e-07  1.67818323e-05  2.96116865e-06 -4.02084902e-05]]

 [[-3.11118284e-06  3.98035406e-05 -4.34184890e-06  4.90412615e-05]
  [-8.08725749e-07  1.67818323e-05  2.96116865e-06 -4.02084902e-05]
  [ 1.29774632e-04  1.02366575e-03  1.69794616e-04  4.34497849e-04]]]",[3886.40179627 1014.20050614 3022.19331902 2089.20437857]
71,[3949.87940771 1011.2235624  3019.1733448  2019.76368509],[3950.86940771 1012.2135624  3020.1633448  2020.75368509],"[[ 2.96743538  5.05926726 -3.05769086 -5.00126857]
 [-1.99607513 -0.05342934  1.99666795 -0.01189627]
 [ 3.01972614 -4.96494256 -3.01631384  4.96716058]]","[[[ 1.29650350e-04  9.65675278e-04  1.65282152e-04  4.60573325e-04]
  [-3.89397628e-06 -7.94687601e-05  1.56540062e-05  3.20950930e-05]
  [-1.48491185e-06  3.98547932e-05 -4.36367953e-06  6.00226580e-06]]

 [[-3.89397628e-06 -7.94687601e-05  1.56540062e-05  3.20950930e-05]
  [ 5.17279186e-04  1.89833320e-03  6.80213690e-04  9.80715787e-04]
  [-1.69232780e-06  1.67405214e-05  2.95226509e-06 -1.33555695e-05]]

 [[-1.48491185e-06  3.98547932e-05 -4.36367953e-06  6.00226580e-06]
  [-1.69232780e-06  1.67405214e-05  2.95226509e-06 -1.33555695e-05]
  [ 1.28100157e-04  1.02351568e-03  1.69819790e-04  4.62788990e-04]]]",[3952.86940771 1014.2135624  3022.1633448  2022.75368509]
72,[3957.5270798  1011.22581455 3019.21851344 2012.06859222],[3958.5170798  1012.21581455 3020.20851344 2013.05859222],"[[ 2.95972988  5.05925557 -3.05771378 -5.01640426]
 [-1.99472945 -0.05341608  1.99664817 -0.00702649]
 [ 3.02095362 -4.96493313 -3.01625837  4.97224747]]","[[[ 1.27551529e-04  9.65674992e-04  1.65280670e-04  4.87847367e-04]
  [-2.46963593e-06 -7.94995003e-05  1.56364948e-05  1.61199471e-05]
  [-1.18420655e-06  3.98920422e-05 -4.35598050e-06 -1.87848983e-06]]

 [[-2.46963593e-06 -7.94995003e-05  1.56364948e-05  1.61199471e-05]
  [ 5.15337097e-04  1.89847189e-03  6.80184697e-04  9.94342205e-04]
  [-1.86590431e-06  1.66609221e-05  2.98102003e-06 -8.72585796e-06]]

 [[-1.18420655e-06  3.98920422e-05 -4.35598050e-06 -1.87848983e-06]
  [-1.86590431e-06  1.66609221e-05  2.98102003e-06 -8.72585796e-06]
  [ 1.27903262e-04  1.02347590e-03  1.69802568e-04  4.67512995e-04]]]",[3960.5170798  1014.21581455 3022.20851344 2015.05859222]
73,[3958.14856264 1011.22550281 3019.24006845 2011.42586609],[3959.13856264 1012.21550281 3020.23006845 2012.41586609],"[[ 2.95895194  5.05925259 -3.05772687 -5.01733527]
 [-1.9945975  -0.05341138  1.99663821 -0.00668112]
 [ 3.02103525 -4.96493351 -3.01622978  4.9727308 ]]","[[[ 1.27297999e-04  9.65674733e-04  1.65279275e-04  4.89199001e-04]
  [-2.30132351e-06 -7.95080925e-05  1.56279002e-05  1.52260023e-05]
  [-1.15443319e-06  3.99016719e-05 -4.35127960e-06 -2.50053010e-06]]

 [[-2.30132351e-06 -7.95080925e-05  1.56279002e-05  1.52260023e-05]
  [ 5.15157902e-04  1.89851664e-03  6.80165586e-04  9.95282194e-04]
  [-1.87925228e-06  1.66338250e-05  2.99547256e-06 -8.36552256e-06]]

 [[-1.15443319e-06  3.99016719e-05 -4.35127960e-06 -2.50053010e-06]
  [-1.87925228e-06  1.66338250e-05  2.99547256e-06 -8.36552256e-06]
  [ 1.27892357e-04  1.02347486e-03  1.69792508e-04  4.67963737e-04]]]",[3961.13856264 1014.21550281 3022.23006845 2014.41586609]
74,[3958.19677284 1011.22548229 3019.24275033 2011.37499455],[3959.18677284 1012.21548229 3020.23275033 2012.36499455],"[[ 2.95889063  5.05925216 -3.05772861 -5.01740543]
 [-1.99458766 -0.05341078  1.99663696 -0.00665394]
 [ 3.02104247 -4.96493353 -3.01622619  4.97276852]]","[[[ 1.27277737e-04  9.65674501e-04  1.65279110e-04  4.89297367e-04]
  [-2.28847729e-06 -7.95090295e-05  1.56267885e-05  1.51564991e-05]
  [-1.15177686e-06  3.99029457e-05 -4.35066996e-06 -2.54501346e-06]]

 [[-2.28847729e-06 -7.95090295e-05  1.56267885e-05  1.51564991e-05]
  [ 5.15144655e-04  1.89852209e-03  6.80163066e-04  9.95359077e-04]
  [-1.88054997e-06  1.66303981e-05  2.99728270e-06 -8.33908971e-06]]

 [[-1.15177686e-06  3.99029457e-05 -4.35066996e-06 -2.54501346e-06]
  [-1.88054997e-06  1.66303981e-05  2.99728270e-06 -8.33908971e-06]
  [ 1.27891439e-04  1.02347472e-03  1.69791245e-04  4.68000077e-04]]]",[3961.18677284 1014.21548229 3022.23275033 2014.36499455]
75,[3958.20048168 1011.22548074 3019.24297874 2011.37105883],[3959.19048168 1012.21548074 3020.23297874 2012.36105883],"[[ 2.95888591  5.05925211 -3.05772876 -5.01741081]
 [-1.99458692 -0.05341072  1.99663685 -0.00665184]
 [ 3.02104304 -4.96493354 -3.01622588  4.97277144]]","[[[ 1.27276174e-04  9.65674462e-04  1.65279096e-04  4.89304888e-04]
  [-2.28749619e-06 -7.95091001e-05  1.56266937e-05  1.51511299e-05]
  [-1.15156763e-06  3.99030627e-05 -4.35061794e-06 -2.54839597e-06]]

 [[-2.28749619e-06 -7.95091001e-05  1.56266937e-05  1.51511299e-05]
  [ 5.15143650e-04  1.89852257e-03  6.80162843e-04  9.95365057e-04]
  [-1.88065322e-06  1.66300835e-05  2.99743974e-06 -8.33708043e-06]]

 [[-1.15156763e-06  3.99030627e-05 -4.35061794e-06 -2.54839597e-06]
  [-1.88065322e-06  1.66300835e-05  2.99743974e-06 -8.33708043e-06]
  [ 1.27891366e-04  1.02347472e-03  1.69791136e-04  4.68002925e-04]]]",[3961.19048168 1014.21548074 3022.23297874 2014.36105883]
76,[3958.20076683 1011.22548065 3019.24299697 2011.37075555],[3959.19076683 1012.21548065 3020.23299697 2012.36075555],"[[ 2.95888555  5.05925211 -3.05772877 -5.01741123]
 [-1.99458686 -0.05341071  1.99663684 -0.00665168]
 [ 3.02104308 -4.96493354 -3.01622586  4.97277167]]","[[[ 1.27276054e-04  9.65674457e-04  1.65279095e-04  4.89305466e-04]
  [-2.28742087e-06 -7.95091051e-05  1.56266862e-05  1.51507169e-05]
  [-1.15155149e-06  3.99030721e-05 -4.35061381e-06 -2.54865585e-06]]

 [[-2.28742087e-06 -7.95091051e-05  1.56266862e-05  1.51507169e-05]
  [ 5.15143573e-04  1.89852261e-03  6.80162825e-04  9.95365518e-04]
  [-1.88066119e-06  1.66300581e-05  2.99745238e-06 -8.33692664e-06]]

 [[-1.15155149e-06  3.99030721e-05 -4.35061381e-06 -2.54865585e-06]
  [-1.88066119e-06  1.66300581e-05  2.99745238e-06 -8.33692664e-06]
  [ 1.27891361e-04  1.02347472e-03  1.69791127e-04  4.68003147e-04]]]",[3961.19076683 1014.21548065 3022.23299697 2014.36075555]
77,[3958.20078875 1011.22548064 3019.2429984  2011.37073221],[3959.19078875 1012.21548064 3020.2329984  2012.36073221],"[[ 2.95888552  5.05925211 -3.05772877 -5.01741126]
 [-1.99458685 -0.05341071  1.99663684 -0.00665167]
 [ 3.02104308 -4.96493354 -3.01622586  4.97277169]]","[[[ 1.27276045e-04  9.65674457e-04  1.65279095e-04  4.89305510e-04]
  [-2.28741508e-06 -7.95091054e-05  1.56266856e-05  1.51506851e-05]
  [-1.15155025e-06  3.99030729e-05 -4.35061348e-06 -2.54867584e-06]]

 [[-2.28741508e-06 -7.95091054e-05  1.56266856e-05  1.51506851e-05]
  [ 5.15143567e-04  1.89852261e-03  6.80162824e-04  9.95365553e-04]
  [-1.88066180e-06  1.66300561e-05  2.99745338e-06 -8.33691484e-06]]

 [[-1.15155025e-06  3.99030729e-05 -4.35061348e-06 -2.54867584e-06]
  [-1.88066180e-06  1.66300561e-05  2.99745338e-06 -8.33691484e-06]
  [ 1.27891360e-04  1.02347472e-03  1.69791126e-04  4.68003164e-04]]]",[3961.19078875 1014.21548064 3022.2329984  2014.36073221]
